121389
120757
120612
121065
121591
121032
120246
120900
120249
120393
120356
120559
120453
120673
120134
121558
129262
120489
120254
121522
120011
120233
120771
120775
120316
121235
181482
120592
121535
120993
120412
120765
121578
121308
120397
120479
120380
121187
120476
120042
121276
150657
120253
121051
120963
120985
120369
120766
120643
120075
120266
121100
120996
119453
121009
120837
120648
120401
120215
120925
121131
121287
129462
120530
120248
121023
121246
120696
121073
120624
120843
121335
120927
121135
121240
119985
131486
120853
120967
121893
121033
120513
121238
120436
120902
120541
120599
119841
120320
120762
130834
119954
151166
120782
120352
120635
121065
121388
121052
120616
