787050
787204
878033
813984
855512
810337
789968
808260
819767
814484
843510
858645
861808
923029
842115
958253
815661
791070
845011
787030
797258
787248
914952
905460
932517
918121
810097
790710
795935
787261
797440
790408
829280
814132
836312
794449
790141
848495
981512
843178
863470
902593
786619
786689
794824
805315
819042
817182
808794
790504
794977
791855
855217
984172
846204
920678
805749
787407
790616
787356
790169
786483
827828
816711
819983
787536
797534
849600
904478
862929
854573
806055
801665
787799
788845
788253
793255
788798
795215
787150
863360
846779
864315
901986
840150
836338
795769
787206
790121
789685
786631
817601
787180
812489
868764
819709
791659
850551
993193
846896
