451167
446570
449495
454245
448104
447522
446955
448594
472908
448607
449557
450439
448451
448180
445658
446058
448302
446002
447306
474649
448489
447405
447858
448591
448347
449070
448204
599030
446900
447214
474066
446550
447160
452557
447900
446296
446190
447497
457083
449239
447939
447927
446678
449990
447604
447918
448613
448979
465282
468243
498086
471805
447440
447887
453734
446554
469511
450324
447735
448462
447361
449018
447288
447309
447646
452440
459101
448740
447731
449371
446754
447829
448046
448030
447190
445531
467164
448038
447255
448213
448642
449414
445577
450950
447165
448201
445682
461372
447549
445268
447692
446096
446221
447313
450467
445860
447547
447665
475575
447171
