1759
1770
1741
1872
1872
1809
1846
1842
1850
1792
1783
1750
1749
1766
1748
1770
2103
2222
1817
1858
2221
2195
2365
2356
1832
1821
1833
1832
1863
1864
1816
1925
1894
1924
1822
1856
1755
1773
1758
1737
1749
1749
1741
1760
1785
1750
1774
1721
1754
1768
1840
1875
1833
1843
1835
1853
1842
1753
1726
1716
1782
1737
1784
1845
1846
1858
1834
1834
1831
1931
1869
1853
1851
2214
1826
1820
1863
1901
1863
1887
1829
1726
1784
1756
1750
1713
1740
1739
1758
1746
1759
1780
1767
1754
1738
1754
1739
1751
1739
1757
