127573
129328
127720
127774
129809
134473
134543
134599
134525
134536
146546
127509
134203
129878
136692
128788
127539
143597
135133
135249
135733
135212
208732
134643
134938
151769
134554
136108
138952
136374
135681
134883
142807
127734
127649
127596
127604
127919
128759
129485
127572
127880
127532
127952
127630
127782
127745
127556
127697
127654
127563
134880
134826
135387
135026
137362
136660
136285
134746
141197
134772
134558
145037
136542
134449
171102
127746
127649
127579
127632
129388
127461
127815
128861
127687
136953
134631
136184
134553
134696
134601
127731
177479
128897
127861
128681
129488
127668
147563
134718
137842
136450
149708
148096
135250
168383
183443
134624
134490
146941
