2070100
2087545
2083556
2067804
2072672
2065169
2085984
2080662
2068185
2084423
2064789
2071764
2081642
2064553
2105322
2075463
2078901
2067782
2064818
2085492
2066288
2071286
2071526
2070516
2086592
2067631
2079244
2121228
2122531
2078137
2070763
2073367
2066308
2070750
2068544
2066305
2068799
2916547
2068079
2071682
2068592
2076589
2074203
2070141
2073768
2069875
2104145
2069155
2063923
2073591
2064642
2080948
2074796
2127445
2069697
2063455
2938957
2075451
2094477
2137881
2073525
2095010
2075290
2068643
2113283
2075459
2069692
2076764
2063868
2571016
2068624
2064881
2082568
2070107
2073608
2075397
2068366
2078471
2073544
2072456
2073852
2066133
2082304
2064690
2072279
2078381
2067774
2075499
2064077
2081109
2064390
2068294
2089346
2067821
2081848
2068124
2065181
2074844
2061286
2072743
