1151396
1131867
1191309
1167594
1165094
1152753
1403035
1395240
1415740
1331144
1312590
1158656
1142177
1138797
1161138
1261135
1180790
1202115
1252047
1149275
1135927
1146617
1143863
1131196
1151219
1158591
1206184
1352545
1196920
1185097
1133050
1131421
1221113
1163699
1153658
1141171
1131106
1199335
1189151
1216906
1233078
1131779
1143601
1155506
1164598
1143322
1162053
1154553
1145435
1219961
1204975
1196829
1131388
1160082
1159716
1133361
1218492
1203456
1216375
1213268
1235914
1235929
1261394
1207845
1208125
1192651
1207928
1192594
1197416
1198279
1198788
1246344
1228495
1210367
1195789
1234015
1205958
1167691
1153697
1149384
1131344
1139441
1294297
1197595
1256362
1132713
1148777
1130781
1131791
1141309
1160398
1172206
1148483
1321678
1227425
1193235
1131360
1167065
1144035
1136150
