1205
1208
1187
1204
1195
1205
1203
1204
1210
1225
1232
1190
1168
1210
1198
1246
1189
1228
1219
1203
1191
1275
1291
1241
1259
1283
1298
1233
1238
1211
1200
1200
1175
1187
1194
1190
1186
1206
1182
1592
1437
1345
1291
1213
1598
1497
1267
1229
1258
1435
1284
1236
1316
1245
1263
1277
1296
1227
1274
1273
1213
1192
1182
1203
1196
1184
1192
1168
1187
1180
1192
1187
1214
1197
1187
1182
1187
1209
1193
1201
1177
1202
1185
1192
1215
1195
1218
1350
1528
1411
1257
1249
1257
1430
1240
1271
1246
1308
1281
1265
