1401
1428
1394
1353
1797
1939
1909
1803
1697
1703
1643
1789
1785
1615
1370
1386
1378
1355
1375
1416
1370
1381
1393
1988
1682
1721
1443
1665
1791
1821
1463
1460
1455
1477
1580
1447
1470
1467
1444
1448
1560
1755
1479
1391
1397
1414
1396
1405
1367
1724
1385
1379
1387
1382
1385
1359
1386
1355
1411
1372
1383
1340
1349
1387
1363
1399
1388
1385
1362
1358
1370
1377
1716
1428
1473
1651
1484
1460
1489
1496
1499
1477
1449
1475
1374
1401
1364
1427
1380
1362
1366
1383
1366
1380
1383
1362
1381
1391
1773
1867
