504965
507853
506176
507848
555175
511912
653323
734455
618339
686687
592127
625596
556235
534434
531705
613239
532466
532197
532281
546019
535654
538630
534321
536987
549853
553930
553678
532091
535319
531803
532130
536167
541231
532322
532416
531864
535466
550704
575527
531569
555016
533099
537829
742066
560604
548700
536307
508326
507461
508655
515690
507505
505162
505866
504628
604500
535708
530392
532338
517909
533696
671631
537736
545085
559746
589421
528463
508788
529651
508055
508817
505022
505135
539936
532437
532380
525302
506982
562585
505249
551960
537213
665489
557315
552013
539224
527863
504542
506258
504665
507512
538961
534661
532345
530713
508647
537011
522350
506813
659378
