2561586
2621074
2560967
2599915
3121619
2995845
2662117
2598357
2711692
2700386
2653210
2585250
2564393
2576376
2754925
2663785
2743604
2557314
2552571
2709271
2681386
2649753
2675544
2559574
2723918
2760636
2673448
2632057
2559632
2568922
2771174
2658841
2654991
2654024
2585800
2567750
2803560
2704678
2640500
2628381
2560748
2729046
2646945
2687039
2668812
2560453
2579132
2766822
2656308
2601750
2562975
2630744
2802674
2689975
2718052
2654117
2555050
2692115
2763100
2665828
2670775
2545309
2557025
2782582
2733566
2628372
2660359
2577255
2612219
2761318
2679996
2639977
2601039
2538431
2828268
2716161
2647762
2602223
2587610
2649421
2720849
2661349
2588330
2615345
2578313
2792407
2668457
2584287
2631815
2588387
2664523
2653081
2695631
2648201
2577619
2581411
2672731
2651633
2647466
2615322
