953167
957891
957469
956538
955551
954452
959506
961043
1329301
953896
970350
951599
955966
969418
956644
954241
984709
954767
955452
958099
957108
957588
965031
954799
953974
955663
957686
954186
955392
962018
953765
955454
969033
955837
986096
959061
954570
957409
970179
955523
959729
958260
1005359
968803
957545
957403
956240
951861
963064
959058
956396
967491
956599
957852
962052
957040
955928
971235
956541
953837
958293
989427
958030
953063
959471
956547
959459
966134
959063
960353
968234
955443
954224
958611
955771
954741
963496
955203
958409
959684
955321
956081
951694
958072
958175
956462
962677
962705
959310
1081883
955328
953164
967268
953459
956211
962300
956991
958144
1305339
959193
