15020
14910
14875
14669
14714
14667
14568
14796
14683
14646
14834
14742
14696
14863
14792
14591
14892
14680
14779
14749
14736
14547
15084
14707
18639
14672
14662
14789
14547
14724
14699
14806
14789
14585
14664
14738
14686
14606
14849
14699
14723
14818
14651
15010
14681
15179
14871
14607
14670
14677
15060
14839
14587
14603
14812
14668
14738
14784
14949
15046
14663
14734
14721
14861
14742
14916
14700
15104
14727
14704
14534
14540
14808
14524
14841
14776
14661
15049
15132
14682
14788
14681
14566
14688
14645
14786
14947
14700
15090
14717
14732
14654
14578
14742
14705
14877
14737
14829
14857
14958
