15372
15193
15213
15457
15501
15474
15282
15393
15541
15848
15344
15301
15657
15338
15309
15390
15499
15394
15331
15363
15435
15482
15393
15224
15380
15398
15654
15425
15211
15419
15612
15291
15336
15305
15241
15221
15434
15219
15356
15223
15233
15365
15333
15266
15271
15268
15402
15359
15392
15358
15705
15439
15380
15340
15298
15409
15571
15275
15211
15299
15446
15431
15308
15248
15443
15413
15535
15272
15275
15478
15188
15302
15361
15482
15228
15231
15340
15746
15198
15760
15341
15321
15348
15295
15334
15424
15394
15437
15308
15698
15233
15489
15375
15371
15649
15428
15310
15190
15270
15462
