2561
2587
2708
2814
2712
2677
2663
2668
2784
2706
2584
2697
2818
2836
2786
2624
3046
3070
2978
3024
3021
2933
3013
2870
2937
2946
2993
2884
3013
3037
2930
2976
2990
2953
3010
2823
2952
3172
2916
2979
3007
2973
3396
2923
2868
2904
2946
2959
2881
3053
2899
2912
2998
2799
3050
2976
3129
2991
3073
2902
3778
3084
3080
2873
3002
2877
2945
2964
3007
2881
2920
2954
2931
3067
2858
2903
2956
2933
3037
2928
2941
2997
2963
2996
3046
2938
3012
2954
3028
3010
2935
3008
2990
2995
3007
3039
3047
2987
3120
2898
