11057
10938
10833
10861
10791
10813
10702
10785
10976
10860
11023
10997
10855
11282
10844
11029
10977
11179
11490
11477
12007
10787
10902
10841
10891
10783
10744
10748
10816
11153
11219
11163
10777
10770
10744
10869
10758
10803
10807
10848
10809
11001
10775
10826
10929
11030
10763
10864
10737
10708
10838
10875
10849
11071
10948
10794
10810
10839
10940
10689
10809
10812
10752
10853
10753
10737
10927
10809
10917
10820
10939
10874
11008
10896
11085
10726
11717
10906
10897
10771
10859
11073
10890
10843
10886
11003
10846
11401
11048
10878
10982
10914
10897
10960
11425
10910
10714
10899
11235
10979
