13409
13058
13560
13221
13268
13369
13420
13694
13276
13291
13403
13150
13338
13327
13185
13284
13419
13129
13307
13305
13289
13483
13282
13313
13284
13391
13290
13312
13412
13314
13271
13266
13114
13124
13253
13271
13233
13250
13390
13609
13597
13144
13237
13238
13245
13329
13296
13232
13293
13280
13416
13060
13154
13340
13184
13278
13250
13239
13542
13119
13170
13496
13242
13363
13319
13262
13181
13399
12989
13142
13307
13206
13022
13253
13237
13275
13206
13413
13857
13331
13138
13319
13219
13168
13140
13254
13115
13154
13115
13150
13266
13322
13140
13134
13248
13219
13185
13156
13340
13144
