5032
5059
5002
5004
5193
5117
5009
5616
4924
6441
5009
5161
5009
4981
5027
5123
4995
5090
4910
4980
6585
4929
4994
4927
4995
4956
5145
5039
5014
4983
4972
5092
4941
5085
4939
4948
4896
5051
4988
4994
4816
4944
5061
4944
5041
5005
5007
5022
5159
5005
4998
4830
4409
4337
4285
4404
4328
4433
4461
4423
4353
3648
3786
3666
3715
3745
3683
3714
3772
3677
3791
3790
3704
3735
3688
3790
3674
3697
3831
3717
3780
3812
3877
3640
3685
3783
3725
3575
3773
3743
3715
3781
3698
3765
3668
4122
3622
3652
4795
3687
