6571
6481
6313
6539
6512
6402
6406
6324
6326
6348
6337
6277
6340
6227
6314
6261
6417
6296
6330
6496
6330
6386
6315
6310
6333
6306
6468
6166
6278
6296
6223
6530
6322
6302
6300
6481
7013
6224
6238
6272
6336
6299
6456
6268
6312
6189
6332
6240
6317
6337
6270
6223
6252
6364
6330
6443
6329
6373
6308
6246
6434
6568
6633
6379
6384
6326
6551
6648
6325
6279
6353
6295
6248
9863
6292
6286
6519
6414
6397
6214
6214
6456
6388
6315
6370
6309
6236
6410
6326
6414
6279
6232
6258
6404
6137
6620
6351
6367
7297
6319
