9643
9407
9515
9345
9293
9659
9174
9488
9466
9318
9253
9340
9308
9381
9346
9472
9422
9335
9306
9342
9383
9319
9380
9460
9167
9313
9354
9277
9531
9240
9295
9589
9229
9241
9399
9324
9361
9313
9228
9167
9441
9688
9241
9453
9311
9354
9679
9317
9365
9243
9367
9379
9311
9321
9381
9362
9621
9343
9309
9284
9490
9381
9322
9428
9386
9371
9353
9246
9346
9262
9471
9159
9422
9935
9403
9250
9391
9212
9229
9354
9337
9350
9797
9246
9297
9356
9413
9436
9238
9346
9272
9680
9313
9337
9208
9319
9158
9230
9359
9313
