8010
7970
7785
7748
7800
7890
7879
8961
7918
7883
7780
7746
7935
7800
8635
7694
7907
8373
8160
7829
7711
7987
7801
7941
7832
7881
7810
7859
7784
7826
7918
7865
7818
7822
8022
7951
7740
7980
7739
7673
7759
7868
7804
7823
7709
7846
7807
7825
7779
7807
7927
7880
8297
7832
7753
7810
8186
7879
7970
7866
7720
7763
7767
7887
7898
7758
7901
7725
7784
7798
7860
7782
7774
7745
7872
7826
7817
7692
7857
7782
7713
7714
7904
7919
7705
7707
7850
7946
7860
7836
8028
7889
7791
7791
7693
8151
7740
7770
7914
7778
