853532
751853
752292
759346
749549
769003
855370
819238
910386
1077921
1091798
823673
1035542
868612
771476
778651
837777
751881
749030
760744
817784
751430
750253
846469
792525
777113
771188
750927
751512
758079
749927
749868
815317
781702
844413
972626
769027
878484
888510
791731
1312554
749776
751445
858321
798239
778627
749476
840165
734838
733768
714204
835935
832752
760220
762786
820581
731053
784861
713310
832155
801218
739405
711143
713125
775769
714235
882815
905752
764838
850750
814222
711788
712458
718870
733810
714047
713118
801685
737287
733210
721339
873554
824123
766709
877395
739819
711195
789364
726487
711206
712063
737958
737594
735179
793780
713670
799956
870009
865387
799016
