186956
300629
280482
187943
186760
222596
191786
175895
176682
176749
175731
175862
175633
176429
175547
175486
175551
176677
195940
188229
185173
201017
185204
190608
175782
239839
193543
176638
176482
176405
175439
176688
252118
184950
201857
186955
185982
187029
186090
185158
187480
187327
269964
269207
256907
258054
259587
175910
176894
176894
193840
246659
176842
175763
192827
175592
175723
175607
184852
175523
186094
187125
199882
232285
186992
277163
185955
192434
176194
181457
175612
175768
175739
175758
175418
176233
210062
185761
184865
185098
185147
182554
175618
176337
175514
254385
251427
315328
253679
252138
275956
235172
193921
186165
187759
188136
188129
198251
189386
175777
