551562
550530
550715
545009
545492
552096
557194
554378
552757
578167
632739
561603
546830
594111
591189
587849
586011
610290
580933
574607
839055
866181
544875
551608
582302
653552
584205
551114
575999
598647
748025
690277
686216
552690
545366
595960
546069
683967
577402
578828
544692
717035
582618
571500
581600
727370
590581
639251
663707
728317
570806
544818
544678
562785
550399
554256
568973
554823
585005
581614
645929
545603
578204
583905
592463
596990
577309
652221
574664
604116
574279
574530
576797
576741
574656
663946
577279
577655
577992
627809
584746
598823
583023
566032
568248
592942
573884
576349
547406
572919
565051
599711
581757
574398
546087
590926
704687
589431
590916
593394
