44298
44361
44434
44314
44277
44280
44285
48417
44321
44441
44400
44325
44365
44885
44431
44280
46703
46776
47319
46763
46673
46794
49177
44317
44280
44272
44315
44296
44382
44496
44425
44815
44388
44796
44289
44343
44262
53470
46733
46775
55610
46857
47070
47363
46805
47378
46751
47254
56248
46875
47396
47411
46795
46675
44303
44382
44392
44321
44226
44282
44349
44931
44412
44366
44864
44306
44583
44711
44463
74698
46681
47245
46817
67266
64253
46909
47164
46809
46878
46976
46805
46699
44313
44403
44764
44701
44442
44270
44240
44379
44594
44791
44408
44298
44462
44415
44438
44297
44388
44247
