472073
445779
440484
432428
431927
432342
431908
433376
432898
432344
431741
432000
431957
509760
440709
431840
433636
454628
472460
491479
615589
476025
614774
448656
450375
440410
437428
436264
435757
430102
409297
411090
409879
411458
410971
411349
409538
432359
521138
658333
440584
455054
467398
468077
478736
429167
410913
419210
505316
410650
409633
409743
417611
409638
410530
411183
410844
410554
536472
431801
610862
434464
503971
440829
444132
440061
432254
432568
431294
431699
432568
431457
508093
433932
510570
503108
526963
445265
431401
433611
457087
432231
468221
447751
484259
443168
446152
439263
475895
433083
432624
459855
434100
472648
431601
431621
553297
432135
487901
432512
