349581
351150
429677
378680
368372
372196
353666
349811
349436
352342
350043
358003
378701
469820
374610
505467
499158
391136
369218
374124
368944
350898
369942
383768
394746
384337
351078
392126
349472
349797
349378
372612
349665
395674
398621
370943
377119
396394
393858
380448
374239
377469
350876
360188
354172
349783
352182
349797
349680
404070
375921
380338
376372
349450
487988
390985
481604
368491
377643
419164
388713
424550
368561
444978
540952
409060
1276840
461519
350971
349437
402598
351220
349420
377441
349956
396417
431404
380154
386574
391192
445100
385783
373501
369098
362970
351659
355052
349327
349539
368622
368494
376780
377035
349404
382684
391371
370726
369294
377727
386410
