98248
29367
31079
28550
28392
29312
28478
28525
28508
28481
27594
27653
26725
26806
26859
26114
26058
26471
26702
25969
25969
25676
25853
25398
25151
25115
24495
34833
32271
23832
23850
23867
23877
23835
23829
32448
23267
23238
23186
31874
24497
24426
40399
23848
23995
23937
32343
23962
32930
34830
23844
32309
32110
23893
23748
24519
23853
24324
29346
23881
23898
23880
22897
22861
22598
22627
22605
23789
23824
23886
23848
24553
23807
22592
22605
22651
28023
22544
22955
22651
22583
22659
22562
22611
25604
27638
33256
24132
23817
24456
23895
24010
23992
23885
45284
22927
22678
22947
22539
22647
