3662
2121
2816
2113
2089
2064
2127
2226
2228
3555
3005
2239
2237
3337
2229
2295
3516
2227
2222
2234
3472
2200
2274
2309
2237
2265
2210
2115
2127
2147
2253
2286
2232
2218
2225
2224
2230
2228
2077
2132
2080
2117
2119
2127
2106
2193
2132
2712
2218
2239
2363
3301
2216
2235
2209
2304
2187
2356
2251
2256
2190
2108
2158
2090
2095
2146
2094
2138
2127
2091
2137
2099
2139
2111
2107
2092
2102
2088
2104
2118
2234
2248
2266
2206
2221
2209
2222
2098
2136
2118
2154
2125
2139
3534
2114
2122
2120
2091
2085
2093
