96358
96190
96221
96975
108845
96163
101558
101923
118170
102598
101850
104355
103255
102105
107142
102621
143894
109054
104860
97133
96092
96052
96417
96241
96219
96589
96155
96093
96801
96238
96879
96216
96315
96253
96478
96287
96306
102979
110215
102369
101642
102076
101825
101991
101834
101918
96192
96128
96319
96160
96087
96637
96111
96919
96985
96761
96276
96244
96601
96409
96441
96086
96837
96100
96027
96243
96057
96506
97255
96156
96241
96297
96544
96286
96279
146642
153315
143812
139746
142620
129151
109963
96314
96257
96732
97094
96285
96781
96423
96328
96263
96151
96794
96141
96412
96312
96257
96311
96195
96868
