1786417
1959060
1802352
1906391
1922590
2269544
1833588
1769433
1816854
1826294
1906231
2039019
1948348
1790457
1859193
1792861
1836801
1761851
1928945
1940111
1815487
1880791
1809159
1904324
1789991
1842323
2025689
1913473
1901065
1826492
1781682
1885227
1861741
1994184
1943988
1807715
1837342
1842754
1883879
1771663
2161305
1854544
1874905
1764221
1765943
1761720
1873716
1988706
2450650
1863535
1778486
1768724
1766816
1796655
1882030
1967621
1894667
1786083
1770406
1762237
1775851
1765093
1906158
1951837
1832426
1796216
1762030
1780233
1759187
1814766
1839213
1932047
2201977
1763154
1787037
1760642
1777310
1793238
1929745
1829960
1847466
1771598
1765917
1781264
1765273
1903980
1968510
1852992
1809208
1762215
1779668
1786266
1780356
1929574
1894785
1986718
1762996
1769285
1761483
1789559
