594159
580289
602168
581658
580156
580543
579768
582305
580179
580499
580249
627195
625533
579980
592928
603848
590456
599478
601619
604957
625264
579872
579709
581263
582311
603865
580527
598505
581480
736212
774001
602265
602773
586982
613470
568885
569591
571151
571043
571335
601816
569800
648543
602751
541482
541843
541593
577827
583087
575455
664680
660121
573440
541027
614564
541676
541355
541378
541584
542217
592522
569176
570773
557792
543203
742853
739209
576266
603547
680933
620023
541666
551392
541804
541160
540093
540028
742038
564953
572344
540893
547567
609173
685524
781343
597963
591726
616811
542169
541916
542389
541327
540174
548833
541627
540100
542604
542147
583608
565256
