1911
1876
1892
1883
1893
1903
1884
1889
3340
3417
3099
2858
3358
3333
2949
3265
2942
2956
1926
1878
1901
1896
1879
1933
1999
2013
2031
2997
3086
2028
2028
2034
1987
1963
2024
1971
1953
2025
1882
2391
2860
1992
3214
2020
2016
2006
2163
2021
1879
1894
1918
1879
1871
1873
1898
1899
1894
1959
1872
1893
1893
1902
1913
2900
2911
2029
2073
1958
3497
2008
2037
1964
1990
1985
1974
1998
1959
1873
1902
1893
2024
1876
1854
1861
1889
1895
1903
1906
1966
1895
1911
1884
1932
1887
1987
1996
1946
1996
2025
1985
