282586
283669
292996
282644
283025
282770
282951
326771
283875
308353
431119
299381
430200
300917
321445
303992
307344
301086
302339
310647
299141
283003
282496
282170
282789
311757
311950
283951
283341
282769
282534
282313
282631
327840
364266
311268
305620
311829
317050
319598
299622
282329
327305
282328
282193
282157
282347
283064
284123
282561
330324
389004
419486
374808
373279
409072
357096
331383
298577
300160
313129
322476
314544
299490
282329
290722
283796
282220
282323
284079
282724
282746
322397
328739
322655
312636
283847
282572
299669
283224
318080
283756
282906
300615
373517
312431
320297
315757
335955
329491
298552
298534
299049
297540
298604
297679
297478
323517
297725
297985
