197421
197273
197578
197367
197280
198099
198533
287849
197485
197557
197096
208082
209403
210053
210265
222096
207883
208110
210114
207987
207831
319892
291619
208100
228551
210273
211232
233543
219811
197480
197180
197629
198582
198749
198058
199177
208746
214654
295428
211870
211793
210850
214002
211433
197233
197217
197754
197201
197515
197314
237458
270801
197237
197470
197370
197242
197529
198201
197313
199359
197914
198148
198069
198604
220034
223327
234003
208400
210574
222015
214348
209253
211247
209321
216110
197351
197237
253649
197175
197269
197372
197245
197331
197409
237325
228243
197476
197371
199453
266193
197291
242177
197338
240611
208005
216779
197034
228426
217546
198946
