914667
913343
997022
915098
951639
990820
988333
986846
998231
1069427
1116385
962243
1032418
1037990
963762
963187
1106692
1059374
1051713
1022627
1015647
970683
1009904
1029773
961010
1036707
963225
962667
1132623
1012458
1098977
993580
918615
977909
913805
1187617
1007610
914475
914910
991550
1100153
1066129
986244
1001877
925858
975107
1051469
974780
964469
942761
914912
915378
978812
1005947
1056403
969575
953172
989004
913876
1035870
1020759
913451
963964
974217
1061760
1004864
1004338
979126
947937
912016
913357
1058176
939128
1017514
1002493
939313
963981
1079151
979130
994613
993414
963743
1007130
1088017
964490
971199
964093
964664
1033677
966974
985480
1062512
984459
969876
1028874
978328
964558
987495
964317
963987
