88422
88364
88363
88352
88446
88329
88326
93707
106586
93219
93115
93201
101966
89431
93502
93142
93691
93940
93387
93079
129451
93637
93228
93170
101969
94138
93245
93115
88707
93099
93273
94038
120530
94118
93131
93119
88332
88529
88203
88271
88222
103405
88961
88356
88329
88395
118787
93347
93233
94300
94877
93737
94322
94399
93117
93294
89172
94030
93232
93232
93150
92949
93101
88371
154774
89097
88833
88495
88493
88325
88388
89094
88307
153282
88181
88450
88415
89337
88331
89692
88307
88390
157810
88209
91915
93204
93304
93215
93263
197910
93559
94008
94157
93148
93158
88388
88515
88904
89394
88892
