1089085
1082777
1187227
1137629
1085069
1148660
1094587
1132352
1067857
1138240
1215266
1128046
1245800
1612148
1154445
1096382
1066303
1090762
1120528
1149223
1229943
1142396
1155445
1288021
1100114
1080509
1069782
1065930
1318362
1436312
1193133
1127204
1228476
1084413
1141038
1152271
1093308
1066775
1069804
1224281
1309849
1133650
1158248
1233478
1275157
1132143
1125967
1122785
1180546
1130591
1291851
1220646
1150164
1193122
1081056
1263045
1096050
1068032
1087822
1067863
1065855
1322777
1220849
1174582
1311796
1287366
1108198
1070546
1114542
1097170
1087330
1076721
1215591
1190058
1128287
1205710
1230925
1207058
1140454
1971157
1529945
1130545
1269886
1173218
1210504
1152529
1158533
1134810
1128613
1124971
1166949
1126442
1446881
1140678
1125828
1301525
1154378
1142963
1069382
1067552
