1209
1180
1201
1215
1197
1217
1184
1278
1296
1267
1285
1268
1260
1273
1198
1217
1210
1186
1241
1200
1213
1686
1203
1212
1195
1287
1208
1185
1213
1271
1252
1243
1247
1285
1277
1279
1267
1288
1266
1266
1308
1274
1287
1863
1269
1253
1739
1359
1271
1247
1285
1335
1282
1296
1248
1320
1280
1264
1266
1274
1202
1210
1188
1190
1272
1207
1210
1228
1206
1200
1222
1207
1229
1270
1243
1373
1330
1285
1298
1282
1256
1246
1937
1271
1247
1272
1263
1276
1192
1193
1187
1216
1198
1226
1211
1192
1206
1201
1217
1207
