51265
52462
74911
74021
78829
76626
101927
75915
72111
69032
71597
69561
48820
72433
48434
39787
37366
27102
27009
30810
29951
30342
28627
22342
21946
19192
18763
18377
18469
18493
18387
18308
18756
18416
15875
15842
15844
16134
15897
15870
16686
15877
15830
15774
15887
16188
15845
13921
19546
14013
14032
14141
101675
14028
14060
18478
13942
12390
12671
12640
12608
12427
12506
12397
12422
12376
12589
12801
12484
12834
12467
12412
11869
11923
12486
12392
12482
12391
12442
12380
12509
12501
11770
11840
11802
11924
11758
11813
11806
11736
11761
11846
11806
11830
11833
11879
11788
11836
24397
12414
