1436
1414
1414
1425
1417
1410
1462
1479
1417
1431
1511
1462
1440
1424
1447
1532
1551
1516
1506
1509
1517
1596
1515
1553
1530
1513
1516
1512
1502
1552
1426
1476
1486
1555
1500
1500
1515
1498
1516
1501
1419
1425
1451
1421
1443
1511
1524
1498
1534
1534
1508
1578
1483
1469
3855
1440
1435
1408
1416
1509
1609
1519
1858
1563
1491
1502
2329
1510
1501
1514
1503
1525
1535
1525
1432
1502
1436
1468
1431
1445
1451
1421
1440
1413
1420
1437
1422
1955
1425
1400
1492
1452
1448
1533
2011
2666
1478
2045
1532
1414
