826005
930306
995924
856467
828783
830092
938597
1204531
1058615
1176172
1170531
839265
847218
881061
1254943
815040
783604
873425
922481
860413
965846
823487
790127
866587
791641
876889
863275
944795
813462
832503
870819
864728
1104566
843207
839936
934902
809361
784002
881319
808056
994074
866698
787127
963483
803575
830167
814860
848427
839681
883724
814912
807557
800137
855982
978908
817370
834548
877969
804874
792089
876569
847557
902102
922224
806501
800252
788429
869588
824885
804722
872810
862270
905087
864634
841982
982114
900501
874846
820748
834403
890498
902569
857175
809943
783464
821367
790744
831428
838685
837159
841732
865333
783630
784641
849229
834401
805419
787793
916923
810710
