1814
1784
1769
1777
1662
1646
1668
1663
1690
1669
1659
1675
1634
1635
1651
1688
1662
1676
1676
1665
1690
2449
3277
2806
2968
2648
2320
2917
2654
2667
2573
1662
1666
2265
1668
1675
1670
1664
1711
1670
1643
1779
1759
1752
1741
1840
1777
1735
1743
1735
1758
1733
1724
1726
1824
1714
1653
1656
1749
1755
1732
2457
1750
1726
1904
1754
1831
1757
1657
1657
1648
1642
1659
1663
1668
1775
1666
1673
1729
2737
2751
2552
2555
2840
2641
3600
2449
2796
2722
2267
1770
1744
1740
1727
1806
1829
1742
1754
1709
1687
