1527923
1561171
1573954
1476900
1437166
1395584
1401131
1393339
1549101
1506177
1526982
1558401
1551819
1414454
1397083
1394392
1391091
1443669
1781244
1508225
1611796
1456579
1406747
1393621
1390228
1460296
1610473
1543440
1695992
1480607
1469019
1585684
1467878
1401823
1390893
1739121
1451029
1573308
1519735
1406032
1452346
1404028
1628464
1416439
1759622
1467696
1650993
1479801
1395014
1393031
1480988
1421333
1396409
1793981
1493821
1660963
1439627
1392465
1396547
1391200
1394668
1433709
1600324
1463519
1610778
1426467
1393472
1443943
1419625
1413582
1394466
1750658
1490903
1630671
1493147
1409115
1394250
1392331
1484749
1424269
1554767
1519014
1637920
1508505
1398978
1395879
1474628
1417276
1485953
1479506
1592169
1622039
1448938
1395205
1451037
1475420
1479452
1406496
1556215
1522279
