45046
44916
45636
42911
43701
44482
44139
43422
44217
43611
44565
46234
45215
47031
44540
44356
43798
44503
47468
52566
44537
43931
43916
45106
44495
59356
44922
45608
47707
44728
30485
31468
31394
30528
31044
23784
23204
23993
24049
23223
23291
23557
23558
18500
19138
18827
19248
19067
19228
19670
18834
19288
19294
15805
16274
16080
16071
16193
16432
16451
16135
15913
16267
16152
13608
13905
13568
13789
14301
13636
14253
13632
13746
14171
13744
14087
13906
12050
12024
12118
12094
12263
12100
11690
12325
12072
12649
12971
12245
11870
11682
12221
12190
10734
10805
10691
10908
10798
10972
10776
