44204
44338
44769
44068
44612
44087
44184
43960
44211
43491
44055
44262
44291
44191
44487
44211
44422
43894
44898
47593
43989
44610
43747
43789
44257
44380
44440
43990
44537
44550
44327
43977
44011
44284
44136
44003
44050
44227
44107
44059
44474
44435
43958
44020
44847
44415
44676
44860
43961
44086
43752
44799
43889
44345
44409
44267
44788
44519
44093
43888
43858
44053
44212
43974
45094
44537
44884
44188
44042
46986
43933
45162
44079
44161
44694
44358
44204
44306
43749
44222
45102
45548
44231
44661
44449
44261
44289
43796
44240
44657
44974
44530
44827
44399
44313
43990
44371
44032
44133
44080
