80212
79214
79984
78668
80225
79106
80810
80347
79038
79738
79882
78489
79009
78918
79278
79343
78683
143189
79051
79305
80281
80307
79924
79864
79449
79530
79707
78254
79635
78976
79359
78934
79387
79184
79731
78977
79253
78562
79086
79151
78819
79963
79198
79271
79203
80092
79821
79884
80688
79418
80133
87613
80126
78852
79373
78738
79229
79287
80867
79743
79733
79819
79330
80014
79762
79630
79317
79253
80303
78927
78461
85531
80045
79582
79825
78722
79957
79830
79457
78770
78962
79590
79053
80972
79676
79420
79857
79364
79319
79633
79913
84338
79555
79316
79784
79269
79442
78597
84167
79786
