32770
32792
33091
32775
33459
32984
32915
32929
33557
33364
33478
33227
32979
32723
33257
32320
32909
33049
33569
33818
32982
32980
33074
32699
33230
33176
33711
33278
33131
33001
32889
32993
33027
32833
32954
32979
33353
33361
33451
33080
32682
33055
33179
33608
32677
32810
33534
33892
32781
32848
32732
32981
33094
33147
33299
33110
33174
33819
33366
33317
32931
38262
34219
32963
32724
33426
33280
33512
32925
34080
33020
33206
32329
32725
32741
33219
33144
33210
32813
42982
33367
33046
32903
33390
33621
33308
32900
33014
33240
32487
32718
32929
33049
33093
33756
33187
33099
32899
32795
32924
