92484
93856
92722
93844
93232
93480
103667
93387
93364
92841
93358
92835
93213
93007
94219
93981
92816
146587
92671
93356
94920
93037
93424
92321
94229
92798
92807
93635
93017
92920
93087
92919
94578
93819
93029
92577
93556
93353
93415
93192
93186
93107
92955
93059
93170
94343
92679
92913
93449
93062
93867
94751
92617
93256
93682
93252
92793
94455
93914
93350
93909
93031
93524
93346
92621
93132
92490
93024
94533
93558
93423
93999
92771
93469
93874
92480
93715
93221
93232
94236
94761
92683
93075
92746
93852
93004
93102
94159
93140
94219
93310
94543
93321
92881
93901
93436
93350
93083
93819
93690
