54990
55274
54811
55696
56251
55801
55865
54787
55302
58381
55596
56011
55859
55409
55124
55486
54722
55156
54876
55029
55914
55511
55232
56738
54792
56291
55165
55529
55337
55431
55584
55808
56012
55606
55471
55219
55811
56033
55894
55256
55257
55245
55095
55120
56064
55553
55262
55711
55024
55772
55206
55063
55668
54971
56516
55978
55624
55484
55977
56122
56265
55408
56469
55446
55246
56701
55002
55389
55337
56399
55268
55817
55911
55589
54899
55337
54761
55552
56009
55493
55929
55695
55217
55603
55524
55182
55517
55320
56072
55677
55959
55550
100341
56094
55703
55093
55989
55551
55235
54829
