69109
68003
70035
68195
68128
68116
68612
67543
68418
68239
68274
68697
68844
68140
145631
68444
69083
68107
68928
68986
68073
68980
69258
68101
68371
68521
67854
68393
68702
69043
68150
68641
67193
68070
68546
68172
68122
68704
67881
68246
68165
68106
68483
67889
68451
68422
68587
68025
67778
75934
68792
68612
68334
68501
68290
68962
68474
68036
68480
68541
69000
68270
68282
68611
68374
68410
69001
68066
68888
68695
68042
67911
68776
68312
68116
68152
67577
68936
68903
68819
68917
68711
68511
68194
68332
69039
68954
68085
68630
68442
68202
67777
68200
68037
68645
67708
73763
68311
67811
67513
