21021
20485
20797
20779
20613
20765
20849
20566
21013
20955
20977
21094
20750
20847
20722
20551
20949
20434
20811
20991
20913
20692
20797
21183
20964
21201
20586
20606
20793
20897
20407
20724
20720
20830
20761
20949
20907
21170
20911
20999
21174
20866
20600
20519
20647
20991
20982
20688
20608
21201
20994
20827
20366
20767
20725
21041
20707
20634
20595
20920
20861
20581
20749
20737
20707
20371
20922
20990
20704
20608
20645
20476
20695
20980
21227
26825
20918
20701
20573
20439
21087
20900
20634
20908
21803
24963
22206
22377
21848
22075
21525
22068
20813
20737
21181
20932
20752
20776
20822
20805
