103781
103502
104068
103977
103484
102840
104120
103558
103756
103785
105060
105162
104750
103851
104220
105674
104201
104021
102454
105168
103973
104171
103755
104642
104250
104754
104235
104068
103551
104839
103500
104438
103952
105182
103948
104099
104077
103510
104637
103553
104661
104493
103909
103560
104138
103698
103972
104784
103918
104413
103742
104106
112179
105243
103421
150263
103531
103926
103594
102878
104118
103956
103500
104191
104781
104766
103746
103252
104689
104135
104831
103644
103046
103976
104490
103216
108905
103359
103649
103724
104332
103306
105053
103386
104008
103766
103411
103108
103846
103727
103740
103930
103326
103542
103355
104262
103805
108727
103721
104366
