855376
855435
855691
1217580
855905
890000
954595
935672
901046
929705
912969
1043414
904496
900384
924061
900910
965661
986447
949232
934939
911214
906391
901386
908636
910499
899612
908180
899888
901002
905023
1027938
932669
941801
891876
854965
856912
857586
853946
899049
920761
881887
881399
901365
940132
1047733
965782
915136
875204
878990
854683
854757
854095
885045
881690
876676
885776
923316
951658
937251
925486
893082
855409
855009
854832
873726
882082
889466
855259
855193
881928
920833
913444
956680
948751
875265
856237
855927
908725
879356
882763
876826
854963
885102
866000
923650
914162
977277
913202
873950
877392
854749
854215
859910
897587
880894
876119
876010
861375
920777
969912
