14973
14138
13720
14054
14116
14124
13824
13886
13921
13898
13740
13913
13797
14110
14098
13787
14687
14509
14775
14852
14589
17013
14646
14848
14334
14678
14923
15311
14824
14806
15019
14948
14650
13842
13739
13917
13941
14192
14013
14028
14114
16715
18834
14741
14506
14909
14596
14665
13892
14130
14615
14608
14521
14867
14397
14432
14517
14061
14705
14827
14528
14742
14772
15238
14791
14698
14927
14624
13822
13915
13917
13955
13764
14128
13855
13985
13881
14063
14204
14112
13947
14053
13810
13937
16132
14783
14561
14770
17282
14503
14497
14648
15449
14688
13784
13874
14006
13917
13774
14089
