65954
66195
65722
66334
66729
67350
65595
71154
69928
69969
69539
69371
69532
68349
66109
66732
66578
65895
66641
67100
66379
74836
66757
66012
66581
82453
86131
69934
88739
70573
80440
89690
91646
69952
69618
83676
69640
70475
70360
70357
70073
69720
70041
69519
66675
66255
65770
68401
66158
65670
66066
65908
65985
67146
66105
66333
66194
65393
66381
65552
65959
66348
65814
121202
69504
70067
69924
70214
70315
83028
79852
70073
70024
69078
79082
65741
66286
66169
67581
66069
66700
68083
65795
65995
66579
66120
66945
65956
66025
65871
66668
66213
69532
69488
69620
69835
69956
69614
69540
66459
