1538283
1543199
1514028
1513066
1591214
1563781
1547864
1649424
1641348
1621679
1757137
1634533
1549078
1535452
1611642
1597299
1612946
1526236
1612177
1583530
1573813
1538156
1713901
1630244
1627099
1588980
1580479
1732674
1552361
1530402
1586612
1686541
1642596
1533705
1534468
1715195
1576827
1532215
1511933
1654709
1672582
1629182
1526214
1695006
1549048
1526478
1501102
1647486
1603620
1666961
1548459
1620668
1594726
1531134
1501594
1623718
1589613
1674528
1551555
1643583
1580621
1527490
1515516
1526418
1645368
1695701
1644194
1537275
1616589
1695861
1564624
1549960
1608356
1687092
1638151
1522761
1631435
1634716
1577457
1532476
1603755
1637719
1631349
1530772
1545676
1727972
1582502
1534442
1511090
1840702
1654343
1764901
1531511
1832326
1533408
1519320
1517125
1852368
1653612
1640906
