6836
6718
6719
6554
6387
6412
6271
6645
6287
6461
6116
6373
7771
6141
6133
6285
6397
6283
6491
7604
7822
7451
7951
9548
8372
6657
6738
6541
6749
6612
6646
6685
6899
6595
6739
6691
6667
6678
6505
6753
6807
8025
9077
6753
8198
7792
7985
7744
7685
7742
7763
7611
7889
8830
7838
7846
23947
6917
6885
6965
6924
7329
6806
6854
6844
7025
6738
7174
6111
6100
6129
6069
6097
6081
6105
6116
6067
6201
6670
6882
6567
7326
6482
6146
6093
6136
6258
6123
5980
5872
5843
5730
5964
5883
5756
5820
5901
5880
5824
5942
