23635
23300
22547
22118
22137
22370
22073
22253
22142
22190
22189
22394
22399
22038
21985
22528
22257
22441
22070
25564
23210
23372
23668
23775
23739
22134
22390
22215
22309
22239
22156
22091
22304
22123
22094
28454
22273
22068
21627
26311
23509
23429
28709
23645
23470
23328
23378
23495
23282
23418
23363
22960
23415
23569
23568
22390
22096
22282
22390
21780
22254
25686
23330
38469
23442
24498
23574
21954
22283
22338
22154
22134
22059
22016
22068
23343
23483
23124
23238
23099
23301
23388
23550
23480
23461
23293
23664
23570
23306
23360
23289
21811
22301
21951
22072
22279
22149
22017
21671
22142
