45705
47253
46067
47852
48138
58984
61103
48027
55394
61632
60747
47520
48431
56200
53950
48267
48022
48073
47893
45390
45278
45566
45838
45129
45662
45635
44806
45782
45440
46792
45257
45783
45452
45383
45475
45532
47566
61054
48106
47919
47654
48181
48111
48614
47849
49017
47988
45474
48171
45345
45649
45698
45605
45052
45197
44964
54093
47745
47726
47909
48031
58834
45374
45789
45529
45441
47912
48582
47670
47552
47446
47659
45089
45420
45306
44926
45322
45354
45319
45498
45370
45076
61531
47819
48173
48298
47979
48007
48696
48051
48117
48016
48148
45329
45499
45853
45581
44934
46945
48949
