36537
36466
38791
36512
36624
38540
38072
38659
38817
38793
40780
40874
40688
40440
107497
40542
42215
40764
40413
40461
40532
38598
38732
38764
39696
38532
38481
39105
39362
40483
38739
38546
38697
46503
50085
41026
40273
42250
40472
41304
40720
40433
40940
41183
41071
40697
40699
53059
40992
40748
40723
40374
38948
38291
38382
38518
38599
38391
38353
38425
38609
38622
63687
40398
40852
40420
40830
40577
40752
38040
40807
40327
40716
40736
40461
41139
40652
40515
41189
40623
38604
38456
38304
40049
38846
39015
38940
38493
38656
38549
38397
45011
40467
40619
40084
40966
40721
40645
38212
38221
