29615
29329
29861
29758
29986
30010
29753
29638
29619
30011
29767
29438
29930
29865
36296
39526
31438
40659
40435
40433
31771
31299
31670
31351
31328
31394
31756
31747
31455
31566
31540
29605
29454
29546
30131
39060
31146
31737
31615
31467
43262
29726
29647
29644
29490
31397
31252
31174
32070
31392
31149
31421
29616
29725
29803
37848
37846
31284
31134
31877
31445
31555
31967
32610
32393
32105
30956
29398
29774
29550
34430
29930
29774
29600
29848
34453
29631
30211
29710
29763
31387
31217
31086
31593
31486
31709
29589
39409
31143
30837
31056
31237
31179
31121
29975
29866
29879
30182
29605
30302
