1166528
1230133
1212422
1179695
1161457
1194311
1465137
1467530
1585300
1334250
1290283
1225564
1224550
1229664
1227105
1469391
1348675
1302964
1351220
1239214
1220029
1222600
1244237
1249361
1231235
1420940
1338797
1288547
1237770
1234671
1293424
1234076
1222138
1223137
1244363
1357178
1354390
1237677
1256783
1177339
1172487
1245420
1188740
1195672
1169303
1162178
1359740
1483458
1244362
1260075
1163676
1179005
1168930
1174321
1239641
1225547
1198960
1375234
1488839
1245510
1260058
1204162
1174506
1161719
1195994
1226742
1177407
1160352
1372126
1493236
1247321
1274040
1165508
1159570
1175763
1162040
1214319
1186642
1188896
1399429
1493303
1284504
1248404
1186858
1180867
1160297
1233419
1188190
1191742
1181507
1208118
1364538
1246845
1246213
1161712
1149276
1206274
1273832
1241837
1162381
