220541
227062
216686
219576
216598
220058
216561
216473
217567
216623
238739
214452
217464
307680
313933
298190
322115
323674
327284
231755
229837
229371
229866
229152
276304
251049
238658
232320
228529
217634
216562
217731
217857
225195
217597
217021
262240
231551
246397
240718
235240
250350
241566
240036
229454
240334
217501
216750
217956
217644
302063
231652
232237
242325
243516
229952
217430
216643
216720
223721
217639
216824
213552
216815
244948
238342
274479
230826
251917
234670
241936
229614
225138
216878
216712
217739
226816
216495
218407
235103
231355
232252
229609
220090
217594
217641
216502
258307
220010
217300
216609
217767
216776
217590
217155
268296
230764
231325
231545
253041
