1920939
1927409
2241961
2470816
2332529
2233992
1948846
1916807
2375988
2149678
1945257
2070505
1987357
1982646
1919631
2145359
2135472
1962199
2121192
2098942
2025537
1911406
2175183
2082369
2058597
2066004
1975274
1938260
1911183
2177229
2122321
1967511
2128206
1918107
1945330
1944890
2145855
2131254
2179892
1898774
1988677
1973636
1943981
2008811
2028273
2251792
1936599
1999900
1937440
1909290
2000956
2020508
2192484
1951450
1975002
2092902
1914446
2017734
2020353
2058997
1997460
1920588
1998023
1944763
2005940
2066697
2064500
1940988
1950365
1974014
1953674
2016742
2141664
2304031
1953947
1927592
1913328
2031727
2107717
2117348
2056803
1927835
1939505
1938024
1911673
2018232
2069313
2149856
1949663
1911499
1982339
1991581
2016343
2117744
2131147
1946794
1919673
1984101
1974884
2007460
