30512
31846
30569
29573
29327
29630
30640
30948
28706
28824
28723
28725
28843
29078
29136
28055
27206
27099
27228
28776
27643
26415
29183
26376
27737
27766
36553
26466
27219
27149
27225
27205
27109
27067
25680
26812
25689
25755
25696
25682
25681
25681
26668
25755
25663
26274
27114
36551
36923
27665
34768
27224
36863
36343
39840
40088
27641
27185
27185
27315
27436
27575
27272
27368
28275
27208
27109
27190
27174
27145
27120
25014
25079
25065
25024
25100
26041
32278
25066
25057
26170
25056
26170
25074
25105
26332
29443
36681
29964
26482
26401
35859
26403
26932
28331
28084
26591
26432
26498
26350
