627621
630141
619883
646181
626706
631389
628789
681744
628181
632758
650301
667944
641612
699050
631500
665076
717732
683150
711882
621018
661464
619055
618218
596159
742837
637089
668093
650419
627582
612595
604284
792130
630099
628252
638370
627781
630532
628154
669670
631437
627904
650825
665394
649155
648960
651323
627535
647135
676737
639296
628933
628463
627879
633744
628092
628147
627806
628808
622311
642851
641914
660332
658438
697141
638286
636606
631684
626235
595643
641821
623423
622096
617017
597323
597294
645777
640889
646034
642857
631040
685884
638980
597618
594161
595195
647229
622768
626652
615937
595336
596005
596492
628965
700445
650670
656395
714015
634807
621910
599869
