76932
76676
76261
78887
88244
72831
72440
72677
72770
72625
72780
72647
72734
72584
72625
72434
72650
73014
77267
76095
76652
76200
76761
76419
72428
72525
72524
72819
72443
80282
72272
73063
72560
73075
72290
87037
76297
76622
76819
86260
76314
76794
76305
76316
76476
76941
76785
101050
77295
78046
78734
77013
80490
87861
72597
72529
72688
73281
73197
72816
72400
72199
72408
72390
74641
72421
76884
76441
76047
94113
76436
76696
77268
76389
77898
77875
78607
85591
80311
76632
76147
180228
87940
72329
72746
74962
73026
72547
72439
72519
72686
72509
77038
76520
76375
76418
76806
78086
72974
72903
