56047
61481
56001
55557
55969
56462
55995
55907
56099
56313
56052
56561
56313
71297
69815
58361
70813
70217
72098
75108
58951
58816
58452
59162
58563
61678
58793
62134
58943
58774
58947
58758
58886
57585
56774
57925
56321
55727
56086
56323
55551
62505
55843
56931
55431
116633
55539
56032
55814
56631
55957
56418
58044
74232
58579
59309
59293
59205
59177
59388
60259
59148
59056
58288
59191
58601
81469
58634
59308
60683
58874
56439
56040
55951
56254
55863
56017
56276
56457
55770
56610
71724
59131
58902
59021
58661
59015
59169
56097
55885
56402
55817
56342
56375
71565
65683
58212
58783
58728
58781
