96266
97655
97662
97511
132045
97477
117557
102834
102868
102782
143394
104648
104363
103861
105643
104648
108549
102948
121444
102841
104659
105547
105181
105587
104026
97522
98682
98661
97537
97709
97419
97484
97545
100402
98413
98711
97591
185715
103741
103158
103960
110492
100277
98378
102963
103482
144242
142256
140026
152072
153353
137986
102932
102809
102738
100690
97483
97564
97598
99950
97556
98161
132569
141977
97474
98432
99628
98531
97610
97549
312079
113862
103535
105362
104688
98479
97413
98454
170313
102966
103381
103704
103005
104850
103469
125847
102794
104708
102840
102846
104775
100006
98429
98825
97516
99338
97547
97384
98459
97458
