386307
383861
419547
382255
555910
398157
412465
406368
382875
404746
382187
459530
452390
557270
524907
406136
562775
409450
424684
472971
411300
410028
403621
418528
379616
384054
382471
382477
382644
394203
384032
384895
432065
421463
443415
413489
419521
404420
409281
435185
407528
421800
414986
405069
412178
405792
402884
403145
407439
402345
415409
403536
405382
429758
415547
423530
415350
423572
411579
386129
403889
392466
382281
415279
418202
408077
405653
408792
407481
383009
379249
392815
382680
383698
383593
447880
461991
493337
419547
430405
451697
499522
411878
382590
473008
411555
405098
386929
383942
418756
382659
455344
409655
435990
404759
408076
404644
408909
415285
408338
