119459
119136
119748
152577
207561
127528
119339
118603
118356
118928
111996
118109
131319
117867
117839
117905
125693
125336
113913
112275
113446
112845
112932
111810
118421
114884
113022
123620
112116
111814
112317
119579
119645
157952
119224
111926
113197
113034
113416
119611
152939
120648
118646
119746
118393
122258
126316
119552
130747
121597
130210
120157
112008
113140
113524
112837
111888
111781
113158
111733
112043
111960
114488
114366
115292
112143
146473
119430
118419
118435
161574
119534
119273
156027
122576
124056
120419
122574
118155
119309
119124
119157
118907
119358
114133
111915
113031
112966
111954
114556
144315
111914
113033
112422
111845
112180
114547
111883
111985
112897
