398289
398418
402668
519378
429081
425515
497712
491866
418266
404461
422624
444600
535876
443232
600464
424208
422848
427701
438147
528636
420911
429054
431568
404666
417282
399638
438817
461816
427114
437880
404303
400264
438361
440238
448338
446571
512103
425315
433761
426659
403725
602978
425536
473373
450988
399125
443722
433395
471012
425380
398211
419383
400732
498126
439072
446334
446248
529246
425784
421289
485754
398487
442648
398621
399539
403375
416308
447183
461188
424836
398847
449985
600942
593516
544439
519282
440728
437721
440883
484919
398798
398648
405073
398585
444004
420707
458430
454084
417790
399124
397630
398655
649682
430269
431791
446172
440878
434904
437748
399003
