300744
335443
304702
313534
300116
322744
324904
322049
323848
325685
320702
332180
337276
331676
411468
325553
332318
324092
348825
321731
300146
294165
274444
272901
274759
310036
291523
381275
315618
321704
310792
306603
302114
303385
307294
274204
274473
355935
357577
344722
341595
333554
322652
351784
290702
287735
289705
370470
315136
297360
294590
310867
390775
301244
289074
287875
287823
294940
351046
311754
273661
272456
279486
274303
339789
273627
362911
409861
290004
349722
279085
275197
275980
313322
291807
410405
312106
337343
322537
293820
294649
303466
279227
274326
279837
346664
272725
273384
276986
273593
292381
360223
292257
293182
297257
294880
349582
347906
304507
307344
