16544
23092
21699
21910
24514
20960
21469
22688
20505
20103
21139
20272
20919
22187
14632
14880
14692
14830
14657
14196
18898
14616
13797
13756
13806
13877
15023
19682
27887
13688
17944
19262
18397
20522
28435
24500
17840
17766
17773
13044
13651
14129
13080
12752
12731
16710
18495
13591
18052
18467
19162
19239
12843
12722
12806
12678
12712
12798
13849
13768
12739
12862
12740
13848
12737
23477
18645
17608
17994
17112
17109
17139
18682
13437
12800
12696
13015
12831
13777
29548
13404
13416
13424
13362
13469
13856
12747
12773
12752
12698
13855
12699
13766
13798
13743
14851
12734
12757
12760
14885
