993419
985281
961366
962646
963736
1007056
954615
961038
960195
1160668
1017805
1014479
1048571
1041683
1016865
1025341
987910
974258
940107
922774
910718
938091
982230
1007804
1014045
1233475
958631
910668
918224
905544
921824
945466
978190
930454
998014
1000819
1099846
1179963
939090
907261
905374
934293
998366
930868
938323
913535
942442
1021809
1137772
976965
1033246
922649
905982
985145
970940
930727
905689
903795
915466
930543
969597
1179032
1026011
967636
964086
971028
952666
1002401
1008381
963462
966824
1003543
983204
1030497
1019113
971319
999099
960869
971981
957429
963258
972563
963562
979994
977397
1109710
1105257
959026
963584
1033706
954326
990767
1021787
965651
969034
1034044
991620
998752
1001966
1010982
