576194
585929
562168
571167
565478
555801
538196
573178
589184
632311
598280
572553
589799
595730
563019
579332
562727
584172
536940
542997
539607
538391
635504
584159
593119
606518
583049
564467
538883
537418
543991
547054
554778
570493
783358
577709
546319
536664
607849
545825
594794
590504
674138
597063
621417
569122
621939
541735
544268
731911
700455
698157
604064
595027
612128
538633
539324
738740
653592
615396
629162
671682
595971
635079
609698
594668
644470
637692
621465
544559
538953
543870
537254
541841
679819
616780
585407
585997
578126
573640
618109
566086
618861
640590
668981
570403
592118
566001
613505
572892
576699
663296
583524
599458
632093
575276
574048
579736
594758
587216
