58929
57548
58911
57696
57961
57697
57842
60718
57699
58924
58699
51715
52708
51600
51787
52052
51801
51534
51697
51697
51716
51659
54355
51636
52954
57771
52056
51683
51759
100754
63147
61027
60963
53150
51837
51895
51782
51808
51554
51767
51947
52667
61254
63499
63968
69637
61914
70421
62271
62074
61196
56811
69847
55590
54478
54481
56441
55709
54462
54663
55492
52602
51634
58372
51689
63779
52818
52790
51675
78160
54805
55038
54781
51828
63740
55823
55176
55053
54738
55723
54692
57042
78269
79183
81815
80561
79030
77391
75205
76452
77238
51709
51677
51747
84436
70118
53490
51710
51677
52683
