216116
220520
219621
225996
210736
208770
209900
208530
199017
199134
198872
197961
198118
197901
198932
199166
198487
203482
197732
212900
211882
234765
301916
213961
227454
202952
201630
202830
215304
210640
213927
238338
214064
226046
225733
224684
232541
215744
225370
223648
199380
198512
199522
201454
199246
214496
200597
198031
198912
286077
213117
221160
218379
211752
209167
215120
212798
274657
218613
230701
257775
217382
197951
244440
199169
212840
198062
197919
199084
199693
203489
239991
198484
465407
279066
279489
300384
217485
201556
198823
197576
204832
199726
211553
225163
230476
221578
244558
217772
210892
209744
216757
198765
199248
197994
206053
202625
204383
199612
223871
