760799
865194
777419
755136
775644
784365
782564
868128
815537
819118
999236
754564
750993
751192
761052
757228
783163
778310
777185
788260
775408
755837
767370
843325
861512
753332
749806
782250
751904
755965
755010
788852
786770
783559
819026
754051
765660
891291
759311
755656
764683
751572
831267
751118
778132
753103
932865
771555
790210
776001
766569
807903
855063
754765
773323
751769
751331
761595
784162
808592
851846
828924
786509
758629
814539
882507
753422
839758
758517
932462
822670
813591
759033
779996
851533
888971
873633
756698
768773
753067
751285
752596
774576
760925
757525
758729
805471
778000
776698
794668
793175
769780
773754
769718
750532
775875
755739
757999
758301
751109
