599726
595442
591850
595867
591546
592858
592310
595659
595854
592228
594219
592235
593709
629817
595189
595264
596470
593441
597428
593452
597326
596800
607681
597614
596300
593947
595079
599263
596000
595111
593734
596094
596079
592620
593900
595568
598771
594149
596553
595161
596975
594646
593594
596869
594408
598837
596715
593765
594437
594388
593554
596921
595239
592312
606716
594916
596433
596126
594277
599452
594783
595986
596339
610001
597427
594271
596100
596325
593913
594525
594540
599235
613014
596727
593713
595753
593568
592971
595852
593633
592705
608727
596245
596742
598027
594998
593878
592497
595607
596234
607244
594392
595824
597366
596814
597034
593471
597989
598239
608450
