159207
158977
158121
157938
158815
158563
159954
158541
157778
158910
159396
158180
159374
158613
159232
188252
158633
158721
158971
158970
159281
158740
158635
158173
169602
158159
158233
158984
158463
158393
158400
158346
158684
158341
158103
159170
159359
160030
158167
158695
159736
158233
159122
161065
158432
158147
158216
159564
158801
158814
158373
158495
159153
158616
158486
159024
159337
158709
158479
158638
158851
164703
158245
158610
158157
159473
159914
159635
158489
158484
205562
159528
158782
158936
158581
158648
159624
158857
159199
158287
160221
159895
158768
159483
160512
158732
158480
158740
158282
159784
158654
159106
159583
159157
160415
159448
159062
160141
162192
159276
