56199
56479
56252
56329
56259
55614
56729
56598
56071
56175
56293
56087
51024
51419
50931
51064
50598
51248
50547
50588
51148
139420
50752
50651
51174
50903
50894
50653
50596
50887
50782
95305
50291
50718
50860
50918
50316
51158
50702
50823
50785
50570
50798
51397
50623
50664
51456
36178
36440
36380
36113
36014
28272
28192
28555
28186
28264
28252
28515
28095
37445
22883
22988
23130
23046
22912
22794
23101
22979
22872
19490
19705
19737
19363
19492
19433
19658
19697
19349
19369
19485
19459
16680
16759
16857
16822
16902
16900
16918
16830
16945
17065
17046
16971
17043
16849
14907
15023
14968
14968
