1000000 2.51108e+06 41851.3 3008000 2436000 60 lisp-60-1000000.txt
2000000 4.10797e+06 68466.2 5051000 3937000 60 lisp-60-2000000.txt
3000000 5665150 94419.2 7539000 5385000 60 lisp-60-3000000.txt
4000000 7.06818e+06 117803 9171000 6822000 60 lisp-60-4000000.txt
5000000 8.62643e+06 143774 9266000 11070000 60 lisp-60-5000000.txt
6000000 9.90642e+06 165107 9942000 10114000 60 lisp-60-6000000.txt
7000000 11407950 190132 15045000 11210000 60 lisp-60-7000000.txt
8000000 12897300 214955 17047000 12658000 60 lisp-60-8000000.txt
9000000 1.44391e+07 240652 19045000 14098000 60 lisp-60-9000000.txt
10000000 1.57345e+07 262242 21049000 15531000 60 lisp-60-10000000.txt
