1 22927
2 22948
3 22914
4 23051
5 23054
6 25536
7 25761
8 25406
9 25149
10 25545
11 25591
12 25604
13 25511
14 25505
15 25666
16 25677
17 25605
18 25616
19 25114
20 25643
21 25591
22 25638
23 25577
24 25512
25 25544
26 25584
27 25148
28 25508
29 25170
30 25256
31 25531
32 25532
33 25063
34 25456
35 25599
36 25397
37 25207
38 25210
39 25615
40 25402
41 25603
42 25661
43 25523
44 25536
45 25644
46 25507
47 25637
48 25553
49 25476
50 25564
51 25519
52 25529
53 25655
54 25383
55 25596
56 25545
57 26102
58 25536
59 25513
60 25536
