1 846576
2 1013316
3 892037
4 928944
5 913752
6 916953
7 917610
8 924647
9 920458
10 928844
11 875096
12 930518
13 928144
14 917744
15 948822
16 974392
17 931189
18 937296
19 913046
20 988783
21 867356
22 921603
23 945592
24 996744
25 885423
26 867926
27 1067946
28 914203
29 921703
30 896335
31 893361
32 1105817
33 900940
34 923127
35 972113
36 921877
37 949696
38 736238
39 1072415
40 919240
41 942933
42 958852
43 903713
44 956916
45 924823
46 1065586
47 903363
48 937175
49 942862
50 770048
51 931728
52 910872
53 930257
54 911216
55 912945
56 875516
57 760450
58 714401
59 1077609
60 936498
