1 701997
2 588769
3 1035665
4 632048
5 554075
6 560112
7 564934
8 610436
9 564640
10 559788
11 761596
12 550609
13 558237
14 560124
15 606530
16 557991
17 608427
18 558843
19 643838
20 574229
21 567893
22 561082
23 650900
24 560265
25 626275
26 698073
27 560804
28 611637
29 557889
30 635498
31 610552
32 602605
33 557243
34 691759
35 582869
36 638433
37 581808
38 626405
39 562032
40 567676
41 557270
42 597509
43 558116
44 590534
45 597082
46 610692
47 562987
48 652786
49 558301
50 717962
51 561970
52 578684
53 568975
54 787990
55 558904
56 624225
57 605299
58 651261
59 834666
60 603745
