1 268130
2 269308
3 355977
4 293967
5 358905
6 292802
7 294612
8 293039
9 293095
10 294315
11 291686
12 351883
13 319822
14 299271
15 293580
16 293642
17 293567
18 297237
19 295203
20 291834
21 292814
22 293855
23 353995
24 254606
25 254578
26 251630
27 238456
28 222576
29 223353
30 237741
31 214507
32 210250
33 209168
34 200519
35 212259
36 195567
37 195972
38 195462
39 205765
40 195918
41 195186
42 195403
43 195905
44 194594
45 238630
46 195017
47 195599
48 195453
49 195040
50 194328
51 195534
52 239281
53 196284
54 194967
55 195374
56 195488
57 195775
58 195088
59 195429
60 195653
