1 107889
2 133443
3 111028
4 92230
5 91052
6 92428
7 91900
8 92462
9 91148
10 91670
11 91196
12 92018
13 169966
14 91333
15 91522
16 92141
17 92265
18 90800
19 90791
20 91802
21 92431
22 91468
23 92299
24 92564
25 91267
26 91894
27 92314
28 92008
29 92072
30 91483
31 91359
32 92247
33 92720
34 91107
35 91753
36 91103
37 117390
38 90791
39 92843
40 91120
41 91611
42 92373
43 92474
44 115428
45 91508
46 92274
47 91598
48 91582
49 91979
50 92233
51 91179
52 91292
53 92496
54 91844
55 92591
56 92143
57 91962
58 92592
59 91587
60 92035
