1 75300
2 55735
3 55669
4 55674
5 56149
6 55845
7 55802
8 55725
9 56404
10 55857
11 56576
12 56053
13 55687
14 55554
15 56094
16 55922
17 55733
18 55987
19 56504
20 56537
21 55710
22 55823
23 55994
24 56600
25 55516
26 55727
27 56503
28 55738
29 56357
30 55927
31 55584
32 55865
33 55935
34 55791
35 55978
36 55595
37 55436
38 55971
39 56146
40 56009
41 56067
42 56147
43 55570
44 55844
45 55623
46 55668
47 55991
48 109948
49 56084
50 55992
51 55774
52 56895
53 55991
54 55869
55 55825
56 55764
57 55780
58 55531
59 56086
60 56038
