114492
111562
98032
128180
126002
142363
102747
97477
92696
100285
103776
128157
111326
83345
90983
88214
84010
87756
86485
108154
85188
90298
109671
129115
119102
114887
110953
91352
122421
90018
91892
89302
93708
108305
124849
112361
88375
94310
98630
117593
115721
126361
96329
94259
94844
116494
119189
117213
88535
106495
95595
101814
100875
116155
104665
88028
146782
94211
125764
118056
119047
92742
101433
106460
96601
127503
124171
117725
96434
96575
113025
94608
92980
115484
97400
101249
117528
117564
93002
92883
87800
113952
105735
109317
94986
93840
113554
112613
133379
88756
94635
112642
115810
99038
113728
98140
95367
95192
92532
116635
364948
95898
93662
128765
93037
89779
150734
92441
117467
109188
97067
113406
93785
94095
160994
93571
99680
91490
126555
92731
109324
123449
88593
87575
128318
105572
90749
117395
103247
87208
104379
124174
122897
109913
84216
108572
91260
116519
116814
94141
113896
123452
126879
128531
107651
95348
115165
106706
92699
123780
93605
94751
120404
87995
116888
116405
114116
117355
92589
95224
113363
112464
93412
114996
88792
103738
114377
107986
111566
93396
90004
110438
120020
90646
94693
119712
88536
115462
88947
114660
91470
113782
87309
89401
94206
115379
93092
91638
117635
125660
117312
98863
96044
92642
114387
90525
111916
92448
91059
112785
123014
119282
104043
94542
148197
88662
118836
94782
121198
98936
115003
87077
116752
114392
117509
189062
92842
115812
91252
109075
92899
91495
94432
92319
97391
97772
100051
104795
97451
119875
104818
110199
96063
116162
128735
95336
113286
127069
98636
99791
135564
104428
119112
132663
122041
104166
118123
121276
88094
94091
172815
117106
113250
112031
101896
94459
96894
92070
118153
116843
116194
93461
90035
117323
97711
120343
95363
98276
101051
117679
125390
117137
105165
93760
117215
87760
113204
114145
93734
93087
91217
116671
91540
95955
106843
95255
118246
93670
90192
89970
97563
134504
85853
110620
107062
106426
111039
103538
95995
87667
107245
113362
83035
105442
85792
86532
104879
82032
86923
107107
109749
86433
111358
105761
82244
92897
91586
103833
104373
104981
135004
204267
93154
87067
87872
116109
94115
92647
109322
110938
100382
110212
92769
113577
103531
95353
95273
100749
95331
90242
89198
114155
90555
93675
121068
127700
97650
97583
95217
101161
139093
109851
98656
103027
111106
93911
88860
96423
96581
93896
98400
89288
92408
93619
114329
94810
88198
100712
94233
117577
96001
112053
114780
108206
86077
87958
92992
155589
93276
116891
112360
121703
112322
111912
87982
118916
121438
94087
88424
88198
118040
120680
128998
92064
121227
121198
117812
115047
117178
90338
112719
87080
104423
105800
209256
137651
96937
117363
95179
95384
94520
93906
111504
123334
125169
93156
118596
90521
92594
101426
92535
115018
94418
90782
94274
96173
89267
112296
103652
109101
95049
99423
126074
111980
125336
89803
92208
89360
122830
113623
92678
112806
91306
112142
96714
92632
96301
93726
136936
115866
114299
126999
125180
90154
96877
112628
130774
92123
95855
99240
105648
115532
91043
97253
111366
117617
123087
107242
112599
117067
102467
93278
167910
145882
94796
107775
116423
90188
120498
98334
95050
114755
118248
117060
92758
90106
95651
97600
93885
114916
116523
88048
94725
125080
94564
96150
106850
116146
98395
112105
92053
95964
89775
117158
95317
92465
97040
100836
121552
114983
91023
112313
115253
121675
111829
116497
112713
113665
117740
112921
110051
85135
88589
122671
123920
120641
98265
181184
95220
123756
90797
178242
92464
124597
98227
225988
112707
104673
137161
112783
109191
109620
89619
91463
93758
94878
117426
91230
113174
86349
85552
85174
92266
137903
94847
86474
141816
96392
80828
109968
110584
117457
162512
141504
141864
148995
113046
137027
200820
136232
95839
116683
116898
125253
155745
133405
171113
110867
93606
103363
89622
94028
81266
97547
88789
88947
92662
92833
91116
89104
91755
166762
106900
85158
91007
92824
111724
91696
97123
110425
90348
108826
101270
129964
89578
122472
80735
246477
91464
164130
86481
109282
90690
90714
89666
105192
99092
88424
104391
166952
95653
89224
91530
115644
399786
119178
89648
155474
110999
168027
103562
86870
111758
85646
173655
114143
84568
86568
110824
111171
93361
93626
94334
119621
113613
90273
94599
97795
116903
118131
98087
96511
92453
102403
94052
95586
139114
96200
97316
90507
95044
130801
119487
122840
96988
241134
96919
97948
92195
119539
95681
98601
115511
101424
97810
159885
96918
91339
119829
96212
92771
116654
96123
115344
113579
91594
93698
94474
120906
120828
128262
143488
119762
191737
98929
137415
478061
130033
104580
102247
124163
123524
103634
118749
111056
93753
118600
122510
114293
95307
98460
87363
112035
88120
92005
90282
115407
90482
121755
98708
118813
116857
89664
96675
116119
98759
93716
87569
153869
107459
92868
119396
97337
121697
133287
116408
116659
124456
88832
127808
113466
89479
89686
88792
130504
93935
144851
93311
90586
118653
90957
123205
119914
100907
87422
112069
91876
88671
118966
103333
128902
117830
91678
96672
113666
117451
99011
112385
90154
97123
117722
102071
105686
96132
96712
173186
109520
118307
98230
92655
118117
115498
94501
91635
142757
116280
113020
100701
114033
93484
184176
115272
118368
98952
96132
122633
96074
123353
117418
113870
91916
196490
124583
98702
96776
94856
145262
112507
96317
93105
122067
118009
97046
113179
113016
112563
94122
89423
113130
116797
91277
103583
99751
112834
89885
91444
89774
124886
112676
113203
112708
86360
90084
122040
113954
114523
97410
92688
105261
89671
87804
117105
120132
101183
114924
114246
110503
97729
95214
98310
114215
112305
91192
91382
117061
97419
90418
88972
115154
101361
81965
89925
106716
92917
87818
87701
94235
114563
107355
105190
93493
88333
112044
86211
93378
86763
89849
111085
89143
115990
114480
115110
93810
92801
113670
87732
92748
92833
122642
114855
97049
101777
114010
116211
117187
119435
114229
112259
122452
98490
93906
90588
93742
86990
89678
112619
91863
214676
93407
93204
93598
99570
103192
118658
133033
319197
91435
113314
97362
106242
117626
100896
98829
128869
115864
110912
91267
114769
115557
104264
185963
97216
98060
95267
95373
119726
118998
121282
93866
117287
94627
96568
97317
91717
93459
129631
136528
93179
99603
101658
98002
93932
115454
86810
110476
94431
179788
231143
98647
115961
97460
94784
230257
123441
96779
103897
99235
117247
100229
95258
119018
120907
99729
101725
119110
114315
114396
90225
95883
112858
127985
104674
115545
93750
95006
88555
97074
109243
112159
93684
113956
88590
91553
136723
95900
95353
94230
97199
106171
128768
