10491
10627
10698
23859
10633
10296
10338
10351
11476
10027
9969
10191
10456
10382
10899
10080
10381
10274
10309
10172
10168
10505
10610
10344
10785
10529
10160
10261
10378
10360
10093
10170
10294
10822
10100
10471
10658
10441
10625
10156
10074
10401
10108
10281
10092
10024
10539
23444
25974
10369
10709
10493
10680
10042
10574
9809
10055
10396
10140
10123
10147
10325
10293
11458
10011
10272
10438
10335
10070
10184
10369
10426
10353
10108
10145
10394
10752
10680
10072
10313
9991
10176
22161
10041
23318
10044
10262
10335
9947
10041
16571
14287
10632
10271
9923
10137
10068
10128
9985
15214
10111
10355
23630
55397
26815
10891
28623
16096
10828
11533
11679
11066
27162
24966
10709
15547
10709
11094
16459
17708
10732
10651
11080
17339
11085
27817
28571
29028
11348
10827
17595
25847
11316
28606
11443
27013
27708
11026
25652
11076
11003
10801
10687
10802
10991
10466
28317
10356
10347
29555
10414
32598
10970
10977
11003
10720
10646
10654
10703
11046
10710
10565
10229
10577
10451
10797
10335
11993
23979
9949
9902
9673
9826
9809
24273
28825
9840
10086
9601
10257
10051
11423
10302
10103
9992
10120
9805
10272
9928
10294
10467
9978
10277
10041
9893
9992
10065
11533
10028
10025
10400
10175
11299
10095
10297
10207
10114
9984
17024
9929
10098
10407
10048
10144
10355
10945
9984
9850
10115
10140
10353
10027
13397
10164
10154
10094
10090
10133
9786
10091
9762
10432
10247
10251
10048
10115
10050
10232
10242
10832
10001
10297
10329
10150
10394
10072
9924
9870
10034
10069
10496
10092
10071
10023
9964
10322
10300
10215
10318
9982
9932
10451
10104
10070
9763
10131
12711
10119
9981
10146
10057
9991
10024
10525
10192
10221
10145
10022
10441
10151
10044
10269
9945
10048
10044
10112
10139
10420
10175
10407
10523
9713
9921
10421
10162
25592
10125
10077
11023
10193
10107
10071
10008
10339
10123
10303
10263
10116
10126
9990
10345
10069
10025
10263
10397
10290
9724
9989
10034
10352
10506
21441
10085
10229
10478
10293
9987
10140
10420
10371
10339
10169
10072
10335
10050
10124
10881
10551
21662
10328
10350
10468
10294
10236
10036
10237
91381
9885
10858
10809
10123
10161
9812
10060
10415
10279
10359
10316
10030
10071
10319
10037
10233
10166
10332
10176
10121
10251
12584
10161
9779
9702
9781
10103
10267
10008
10425
10094
10088
21562
9802
10014
9760
10116
10010
10384
10179
10125
9996
10432
20818
10333
9782
9891
9822
10324
10090
10083
10398
10137
9803
10053
10142
12893
10084
9926
10089
9793
10111
10342
11746
10163
10613
10102
10183
10121
10366
9936
10336
10070
9775
9835
9853
9755
9803
9636
10236
10019
10450
10506
10024
10563
10383
10088
10213
9851
9995
10045
10071
9999
9811
10127
10644
13373
10018
10138
10589
10325
10296
10276
10415
10156
10246
10297
10447
10401
10067
10407
10246
10253
10075
9785
9838
9812
10093
10249
10388
10377
10004
10203
10134
10022
10306
9989
10068
10374
9960
9816
9932
9773
10185
10242
10125
13619
10403
9993
10425
13020
9802
10116
10348
10569
12506
10158
10284
10178
10112
10078
10287
10363
9691
10349
10291
10127
10551
10239
10504
10376
10007
10318
14088
11325
10344
10355
10179
10158
10344
10135
10407
10086
10074
10103
10011
21137
10390
10034
10088
10115
10570
10382
9794
9822
10086
9742
10037
22331
10124
10107
10398
10091
10417
14140
10312
10413
15875
10339
10438
10092
26873
10287
10046
10266
10387
10434
9757
9712
9779
9710
10357
10133
10366
10790
9844
9852
12260
10131
10155
10319
13870
10312
11002
10188
10148
10196
14963
10167
10077
10371
10313
9873
9888
10436
10048
10161
10057
10390
10083
10427
9802
9800
9757
9889
14507
11082
10086
10062
10344
10310
10345
10431
10068
10017
10109
9853
10477
10444
10102
10353
9986
9708
9795
9825
9996
10442
10429
10409
10087
10089
10051
10045
9958
15748
9753
10134
9789
9766
10245
10003
10187
10105
10264
10051
10007
10296
10162
9759
10108
12851
10035
10164
10047
10074
10048
10453
10192
10342
10096
10007
10034
10156
10130
9995
10138
20411
10367
9982
9994
9982
10059
9937
10488
9979
9931
10154
12502
10020
9737
10096
10427
10056
10502
10028
24441
12968
13106
10565
10181
10351
9970
10304
10391
9698
9782
9891
9828
10051
10153
10060
10428
10010
9837
9837
10701
10133
10081
10320
10184
9993
10031
9788
10000
10202
10070
10030
10400
10140
10359
9800
9976
10414
10403
10374
10368
10358
10056
9765
10036
10161
10316
10262
10129
10040
10071
10351
10126
10064
10280
10506
10071
10430
10069
10106
10243
10089
10082
10312
10466
10386
10007
9759
9870
10006
10045
10032
10114
10401
10071
10055
10030
9709
9960
10338
10282
10316
10076
10318
9830
10068
9903
9763
10508
11294
10264
10053
26405
10345
10163
10199
10271
10306
10145
10363
10348
10332
10028
10250
10199
9765
10045
9854
10012
10185
10192
10022
10299
10108
9675
10104
10105
9761
10135
10270
10359
10326
10028
10238
10112
10172
10121
10248
10397
10412
10020
9674
9968
10350
10288
10058
10180
9958
10043
10080
9982
10378
10016
10128
10046
9950
9911
9853
10072
10086
10487
10107
10448
10065
10006
10240
10381
10218
10285
10541
10444
13891
10346
10437
10307
10040
10042
10109
10104
10139
10063
10059
10018
10240
29058
10334
10324
10775
11164
10725
10020
10265
10384
10298
10389
10514
14882
10644
14042
21631
10415
10105
10402
10090
10327
10149
10603
10058
29909
10284
10528
10668
10425
10363
10055
10253
10090
10049
10307
10512
10611
10287
10692
11511
10710
10092
13449
10388
10059
22570
10093
10084
10190
10175
10379
10351
10123
25972
14790
16100
10072
10394
10114
12579
10062
10695
10479
10460
10045
10522
10329
10630
10293
10377
10058
10380
10357
10696
10037
10395
10046
10167
10109
10172
10471
18281
10700
9978
10596
10032
10124
10358
10005
10276
24586
10344
10593
10654
24423
10611
10202
10386
10546
10360
10295
10081
10059
10043
10340
10514
28584
13572
10656
10396
13652
10433
10150
15080
9929
16467
10757
10792
10746
10508
10437
10040
17837
10554
10645
10540
10550
10384
11067
10514
10659
10629
10312
10350
10722
10393
10063
10098
10001
10413
10484
10228
10061
25283
10335
10296
10348
9958
10258
10110
10058
10817
10103
10262
