128782
129425
239292
156337
158021
124259
113052
145897
116765
122905
161232
151190
124180
121262
131927
121753
205668
169550
154070
125185
144064
143563
130465
137944
113414
115695
157340
128235
146738
108717
157546
161011
144245
213505
151015
134975
131084
148386
217253
133711
111649
111328
134837
138596
112907
124051
139466
137178
109880
121013
136339
114401
159476
170645
141095
142322
390028
113569
151939
137161
155591
249051
118583
113947
366177
116076
119362
144886
145263
118406
124870
115411
142916
154623
121283
121941
130535
123821
140680
143058
147169
119153
123863
114195
145191
160543
144970
152297
145907
119328
562984
129043
144984
119140
122003
129589
132925
152193
121365
137600
159055
124018
129719
119693
120493
149592
128042
143103
134097
152709
113524
124000
118672
159042
119071
127286
152335
117302
121069
163349
157106
148325
121455
117864
146496
147270
177030
138248
120015
186540
114912
137394
133268
133333
152098
116748
175890
121082
147260
115981
118663
130470
131251
122584
143077
130404
149847
135808
117637
151117
154332
123254
124179
118458
150302
151282
122926
122866
339012
124647
115084
116151
121279
123983
123211
157948
176375
139177
155033
183482
157960
150935
130803
118251
150289
151074
168149
152100
122284
174844
151048
123745
134000
319094
122721
166686
149651
117643
139515
121667
145704
116179
122064
118629
159744
117741
130571
150648
120999
121254
228637
123798
182206
149807
144750
119154
182536
136279
150197
115901
123358
201132
146717
122724
152682
151823
137311
116851
182431
124747
170224
119672
127841
128838
125783
150384
174136
231806
124937
159783
147473
132561
143896
170769
120852
117032
167026
149431
117262
121710
117325
141768
152202
125831
132524
152171
127302
131211
119564
153133
121958
130426
119935
149779
115797
150994
139008
119865
119030
151017
143911
172760
150545
121186
122615
140509
117895
135349
130539
147533
124265
116348
145435
148604
122266
123071
250516
131151
149897
117770
128165
194879
122716
125335
122126
118613
151116
116998
149649
165913
136390
165741
149110
131884
154320
150765
121730
152375
118226
148867
151976
120267
149974
123539
134340
151021
160878
149294
149355
190856
220273
116114
116836
126844
127128
134582
122067
152820
169636
122101
146314
164978
147912
169486
166355
156699
168556
123979
159806
155419
123390
183199
128527
123322
148893
120477
149082
119761
122357
145935
149081
174672
113427
117486
131278
147961
114477
146781
155325
112165
146826
144669
117857
127087
146332
117016
120338
116547
150318
148052
119216
162728
146868
187051
125956
146461
118426
123455
118491
117430
118265
117359
149923
151246
128268
152269
213704
149695
148165
180229
113901
127328
113507
146969
117205
144797
116978
116407
150660
149162
115290
114347
126033
145548
138508
114830
126153
116945
145907
145192
119051
131452
144385
159487
118092
116842
113372
115038
146522
139617
150295
122720
124909
140470
148802
136996
119619
164472
154757
146645
147327
145492
112738
122826
117069
109113
157409
118055
114397
146834
165170
143612
145927
119056
112237
117796
155320
244720
185034
147570
170336
170814
182116
113128
113081
116343
144527
144462
114475
113267
148803
113617
134056
159104
113432
142114
145460
188415
126776
144775
141579
169754
139939
122858
136486
127721
124746
127543
129034
151568
136915
152553
150575
146611
129016
133363
116334
107099
133220
177884
120588
136643
147113
141970
115022
163110
145034
114418
118445
118466
145341
112614
321415
182825
111026
146474
129104
130761
146321
124073
146116
186337
125466
123409
122790
117280
147795
121909
115861
153025
147879
149326
148744
145796
139676
146363
117577
122760
152154
126044
152714
320451
147580
146732
113898
121958
117194
144371
130431
160259
149718
112169
119693
120548
158143
150241
153999
156626
150981
161822
114839
156461
147169
122894
122039
119495
144495
133999
117555
114577
116877
147446
180069
129930
119282
189161
154454
139228
117460
110713
222861
197880
149579
142968
114676
130793
105172
142473
158619
112106
127088
153081
143531
140405
134976
109006
110184
107439
137422
144669
143859
140462
111863
146639
140957
145804
137187
145902
115455
114066
140958
114777
151038
123054
118977
184058
147884
151477
128781
123087
124852
125284
136124
115924
152325
149160
162184
124978
134036
125863
130136
153042
123225
129213
167932
137393
154903
149961
151519
170223
124675
152514
113861
127982
122250
140932
116935
116900
114886
159247
2022312
145028
115315
147331
119619
120023
161588
147097
127623
127519
152367
153179
228738
167871
122169
152177
113947
121122
117129
125268
114265
118079
120757
144010
148340
261609
223878
114271
139685
151269
174309
144003
114855
158977
152596
155898
130805
119600
113400
112750
146103
121542
118315
164326
156791
144241
118776
122794
119429
148539
138831
125823
145988
138459
118669
122188
162624
144531
119241
149493
129081
130292
148901
181082
189051
119222
165101
129334
146195
118104
144735
150178
115677
128093
120877
121187
112286
147107
152635
117311
118834
178203
135853
117544
120788
257506
127583
125008
148806
153571
154153
132755
170915
123325
360848
185170
118431
169523
125798
130199
143026
145427
115019
118276
188437
126672
129261
121876
122181
123094
121515
122193
118317
118012
162311
197816
120461
129944
118154
120586
122833
150461
130445
154326
137858
148960
119938
162392
117350
166736
116563
122237
184777
150798
184529
120727
117473
145993
123683
155488
150460
119113
135730
145163
147045
121344
145411
118137
135524
146642
144547
407805
121430
116018
147313
141468
150649
163605
134348
173063
149273
301274
133846
125704
128101
149514
148389
156870
165865
119000
145302
147414
124058
149550
153764
148477
153235
114787
134201
167304
166661
123652
122214
159942
114971
118543
147990
116487
125366
199092
119937
175411
184548
134722
113430
155528
117768
116678
144713
144399
114173
118566
109713
133715
119765
111637
114965
110505
109439
141735
137962
142492
141741
140214
129843
149224
159502
145978
161864
147468
145329
131566
131864
116852
117540
118965
153376
204047
161291
117266
122712
121758
120936
118837
122109
150698
116818
117692
202283
151336
174839
150443
121019
157301
146578
146306
162200
115895
153388
167486
210568
120179
149562
159349
147321
155426
122181
114350
119498
130481
150524
145766
157787
144128
126861
147257
122718
149424
114493
144659
122029
116903
273252
114378
118562
123685
124335
146873
145269
117328
135961
117617
179537
177816
171578
160514
115663
122973
129948
148837
118486
161476
152125
129177
113722
145314
113752
162664
146250
146838
115388
114098
129868
177630
131113
163399
141302
148714
119031
165159
217631
129506
117561
147696
149143
169378
126361
198175
117567
122209
132824
123373
122688
117169
116041
171307
157940
155966
133051
144089
127612
117360
152461
117454
121142
154902
132930
121947
143721
143725
118996
150229
181585
152682
174610
143209
148218
118066
128730
177905
153753
141049
125819
152285
119663
138156
124591
132426
173317
116591
142545
148307
127413
153583
121904
126880
153682
148220
117913
158866
