3577
2766
2634
3973
2424
2269
2309
2164
2366
2317
2264
2318
2313
2253
2298
2286
2694
2393
2157
2211
2303
3111
2217
2340
2749
2269
2248
2376
2444
2342
2212
2139
2160
2279
2204
2352
2370
2434
2176
2244
2313
2361
4636
2501
2591
3083
2389
2228
3232
2188
2291
2326
2420
2297
2779
2296
2197
2303
2189
2520
2242
2264
2164
2765
2333
2271
2320
2216
2503
2419
2348
2263
2263
2227
2222
2212
2224
2284
2422
2217
2432
2218
2297
2406
2216
2291
2260
2300
2179
2451
2446
2281
2694
2347
2391
2178
2405
2294
2316
2340
2275
2239
2230
2291
2375
2404
2334
2204
3910
2274
2584
2476
2268
2220
2391
2162
2363
2175
2536
2293
2159
2820
3020
2394
2521
2347
2258
2279
2235
2270
2339
2568
2408
2314
2609
2202
2336
2198
2284
2314
2440
2271
2182
2556
2269
2354
2126
2240
2241
2867
2375
2235
2396
3210
2194
2504
2236
2392
2464
2618
2428
3209
2327
2118
2267
2417
2227
2231
2241
2334
2363
2227
2273
2321
2252
2246
2363
4882
2366
2274
2518
2112
2169
2303
2234
2297
4255
2204
2227
2212
2247
2288
2201
2371
2230
2845
2533
2292
2254
2447
2308
2342
2403
2356
2141
2114
2285
2244
2208
2194
2275
2230
2233
2274
2289
2294
2292
2360
2338
2165
2265
2264
3265
2407
2339
2321
2777
2473
2276
2248
2252
2340
2870
2288
2284
2235
2481
2133
2227
3408
2302
2189
2357
2278
2354
2371
2277
2258
2255
4025
3237
2157
2356
2533
2364
2223
3403
2695
2478
2432
2226
2270
2199
2269
2266
2379
2214
2444
2176
2230
3250
2157
2197
3925
2331
2262
2425
2290
2488
2261
4354
2399
2503
2354
2173
2262
2349
3530
2376
2326
2495
2309
2317
2339
2273
4852
2383
2246
2290
2246
2397
2310
2657
2302
2646
2109
2572
2469
2357
2365
2422
2435
2416
2455
2420
2310
2266
2420
4784
2422
2713
2485
2243
2423
2444
3379
2328
2388
2344
2222
2368
2163
2343
2266
2478
2380
2837
2597
2206
2222
2648
2539
2227
2476
2618
2255
2646
2321
2582
2294
2406
2393
2397
2506
4290
2383
2534
2277
4281
2466
2279
2449
2189
2326
2208
2362
2236
2307
2313
2371
2513
2420
4935
2228
2508
2441
2341
2214
2307
2287
2324
2316
2359
2196
2423
2440
2297
2376
2302
2843
2383
2114
2360
2169
2398
2212
2401
2229
2135
2388
2246
2284
2418
2417
3643
3146
2458
2369
2404
2450
2242
2413
2651
2509
2501
2219
2344
3405
5288
2445
2366
2323
2705
2303
2468
2331
5321
2541
2230
4737
2306
2253
2488
3948
2194
2446
2350
2337
2222
2294
2803
2314
3202
2575
2210
3939
4712
2511
2339
4516
2662
2610
2574
5093
2654
2452
2231
2324
2376
2525
2336
2339
2297
2444
2419
2279
2411
2210
2142
2292
2277
2385
2268
2444
2394
2388
2367
2217
4971
2191
3348
2791
2656
2450
2333
2469
2571
2345
2404
2200
2424
6718
3824
2450
2934
2361
2340
2227
2354
2277
2596
2271
2313
2423
2218
2118
2256
2439
2396
2509
2479
2302
2359
2347
2491
2869
2282
2359
2259
2252
2583
2255
2265
2132
2375
2312
2321
3070
2171
2114
3703
4491
3181
2167
2491
2203
2086
2752
2327
2220
2553
2238
2227
2233
2238
2573
2210
2235
2280
2419
2238
2202
2221
2208
2391
2343
2452
2350
2190
2229
2398
2354
2509
2527
2333
2268
2275
2454
2429
2610
3334
2211
2240
2175
4028
2356
2253
2156
2198
2537
2307
2284
2265
2224
2305
2204
2182
2391
2236
2311
2276
2385
2159
2167
2196
2198
2232
2258
2201
2355
2204
2290
2314
2201
2476
2213
5090
2294
2271
2309
2168
2188
2304
2316
2264
2253
2292
2190
2251
2297
2288
2235
2348
2220
2339
2339
2266
2241
2233
2178
2167
2217
2661
2321
2316
2262
2096
2237
2281
2770
3118
2308
2333
2257
2283
2421
2324
2338
2284
2240
2341
2314
2295
2419
2376
2179
2278
2349
2313
2317
2178
2387
2182
2273
2260
2439
2171
2166
2188
2342
2279
2275
2234
2293
2222
2429
2337
2554
2279
2373
2259
2245
2207
2217
2298
2264
2229
2283
2156
2366
3079
2446
2313
2249
2532
2370
2409
2864
2477
3967
2225
2178
2229
2157
2309
2373
2272
2484
2338
2640
3724
2387
2390
2143
2213
2280
2704
2417
2286
2213
2223
2258
2273
2187
2209
2445
2281
2307
2212
2481
2240
2258
2451
2241
2277
2378
2161
2330
3257
2343
2808
2490
2667
2193
2521
2526
2418
2462
2368
2243
2304
2210
2479
2219
2248
2292
2327
2448
2332
2387
2197
2293
2256
2338
2200
2260
2291
2984
2244
2247
2305
2326
2197
2187
2245
2427
2344
2336
2194
2243
2277
2303
2247
2420
2368
2246
4832
2296
2171
2359
2173
2214
2302
2273
2405
2271
2302
2430
2319
2255
2417
2345
2202
2353
2275
3419
2433
3545
2342
2200
2761
2318
2271
2319
2385
2307
2253
2070
2232
2558
2295
2278
2268
2451
2994
3555
3217
2577
2236
2234
2318
2145
2181
2198
2143
3054
2339
4570
2345
2367
2256
2507
2418
2282
2373
2379
2336
2364
2327
2472
2418
2346
2311
2539
2382
2368
2571
2595
2387
2444
2446
2576
2671
2550
2959
2573
2458
2663
2483
2366
2697
2364
2518
2567
2703
2471
3745
2602
2511
2458
2651
2525
2505
2529
2428
2491
4073
2529
2677
2830
2635
2305
2489
2628
2568
2781
2509
4244
2745
2460
2484
2543
2557
2469
2580
2475
2568
2363
2412
2479
6671
2816
2500
2637
2441
2526
2571
2801
2508
2534
2535
2776
2496
2511
2327
2513
2589
2839
2504
2432
2395
2500
2667
2702
2549
2533
2481
2396
2342
2460
2444
2480
2494
2394
2415
2328
2380
2467
2484
5241
2484
2470
2415
4218
2493
4256
2989
2517
2451
2367
2515
2540
2563
2632
2409
2395
2479
3375
2582
2444
2615
2457
2636
2349
8228
2427
2520
2635
4938
2516
2609
2491
2586
2443
2380
2518
2480
2491
2672
2500
2466
2496
2779
2606
2479
2383
2520
2500
2425
2323
