6305
6497
6392
6493
6426
6423
6433
6098
6115
6145
6160
6258
6222
6132
6542
6265
6548
6422
6291
6559
6169
6149
6095
6016
6389
6270
6309
6325
6373
6385
6435
6283
6101
6368
6374
7285
7711
6374
18567
6240
6737
8003
6379
6143
6316
6167
6264
6609
6179
14894
6438
6394
6152
6946
6584
6395
8465
6339
16258
6141
9246
6232
6418
30289
6454
6387
6579
6181
6251
6591
6208
6254
6215
6271
6272
14354
6153
5985
6053
6208
6511
6168
6493
6404
6123
6262
6311
6517
6283
6350
6269
6163
6242
6318
6235
6570
6330
6408
6216
6033
6306
6254
6318
6359
6317
15415
6264
6368
6323
6264
6298
6415
6540
6499
6606
6508
6407
6281
6224
6373
6408
6250
6472
6359
6393
6456
6461
6421
6266
6410
17024
6325
6473
6060
6175
6343
6407
6360
6326
6482
6102
6206
6445
6265
6283
6078
6040
6190
6440
6259
6261
8589
6301
7684
6217
6375
6410
6236
6265
6383
6305
6419
6159
6316
6468
6264
6410
6224
6335
6351
6905
6727
9663
6049
5614
6182
8883
5591
5811
5897
5570
5781
5781
5753
5839
5676
5919
5781
6066
5857
5832
5882
6060
6033
6061
5875
6285
6256
6008
10189
6121
6243
6140
6146
6292
6997
6709
6611
6460
6420
6275
6528
6196
6369
6206
6069
6453
6302
8115
6378
42472
6233
6483
6443
6291
6259
6407
9069
6547
6472
7745
6385
16220
6321
6274
6326
7156
6325
10291
6541
6231
6444
6353
6182
25005
6205
6356
6358
6444
6561
6499
9156
6323
6491
6359
6250
6401
6380
6659
6234
6496
6306
6270
6277
6410
6246
6067
6278
6092
6297
6339
6198
6260
6175
9243
6396
6417
6105
6164
6268
9680
9830
6419
6442
6539
6268
6328
6412
6253
8224
6427
6307
7308
7120
6297
6245
6644
6459
15617
6530
6613
6401
6390
6354
6396
6231
6259
6252
6313
6396
6457
7417
6159
6701
6154
6370
6130
6432
6254
6230
6269
6266
6312
6438
6295
6625
6346
6415
6384
6262
6296
6366
6648
6255
6216
6214
14063
6361
6195
6296
6522
6245
6171
6046
6320
6250
6395
6231
6540
6285
6278
6348
6169
6155
6381
6423
6434
6270
6354
6263
6198
6101
6126
6199
6160
6384
6323
6327
6201
6470
6338
6236
6259
6335
6226
6005
6334
6313
6276
6308
6235
6472
6289
6498
6221
6417
6211
6088
6206
6188
6241
6407
6379
6279
6091
6321
6410
6283
6384
6285
6301
6459
6086
6228
6472
15803
6388
6164
6390
6415
6261
6296
6229
6303
6501
6349
6675
6268
6007
6643
6213
6370
7316
5855
6048
6147
6088
6155
6183
6181
6177
6159
6172
6283
6217
6097
6443
6357
6348
6225
6070
6142
6339
6295
6267
6534
6248
6206
6098
6198
6323
6328
6324
6291
6252
6437
6122
6377
6680
6262
6371
6515
6460
6217
6259
7871
6132
6126
6216
6148
6376
6346
6353
6384
7165
8504
6514
16091
6365
6103
6116
6362
6073
6382
6365
6243
6248
6522
6807
6297
6205
6641
6356
6306
6523
6428
6462
6228
6337
6139
6540
6232
6377
6828
6410
6319
6252
6095
6276
6425
6362
6549
6412
6322
6196
6497
6302
6375
6200
6349
6333
7005
6309
6397
6306
6206
6542
6586
6261
6434
6192
6076
6099
6256
6530
6045
6370
6122
6190
6464
6140
6053
6171
6108
6358
6457
6287
6361
6335
6578
6544
6491
6138
7499
6504
6476
14096
6631
6197
6417
6368
6445
6177
6160
6253
7945
6473
6310
14626
6404
6323
6216
6595
6503
6537
6562
6532
6925
6503
6559
6520
6597
6684
6209
8526
6262
6445
6303
6563
6307
6380
7168
6184
6477
14350
6254
6314
6663
6396
6409
6450
6246
6423
6155
6335
6804
6407
6576
6290
14235
6280
6438
6088
9248
6473
6348
6643
23706
6536
9182
6304
6402
6137
6438
70601
6439
6412
6317
6494
6397
6545
6561
6645
6446
6373
6246
6188
6475
6210
6347
6372
6366
6370
6531
8344
6374
6417
6628
10045
6584
6718
6172
6692
6240
6287
9176
14688
6401
6360
6591
7133
6612
6563
6588
8839
6552
6254
6394
6305
8557
6275
6374
6291
6307
6409
6442
6575
6785
6403
6552
6437
6612
6732
6213
6453
6334
6363
7788
6406
6476
6471
6587
6315
6406
6401
6290
6397
14997
6556
6386
6495
6443
15884
9663
6372
6537
6534
16186
6411
6232
6424
6223
6375
6375
6266
6320
6352
7023
6215
6304
7316
6398
6308
6397
6520
6391
6553
6489
6540
6651
6469
10154
6328
6259
7169
19524
15993
17966
6678
6680
6788
6729
6598
6726
6570
6472
6654
6263
6195
6464
6254
6385
6368
6455
6307
6329
6259
6238
5996
6066
6113
6098
6241
6042
6365
6419
6125
8550
6126
8295
6459
6774
6502
6499
6279
6546
6420
6371
6370
6442
6285
6129
6423
6346
6435
6158
6531
6324
6596
6427
6280
6149
6224
6081
6178
6855
9275
6434
6377
6330
6064
6228
6245
6214
6371
6048
6673
6571
6307
6237
6244
6478
5949
5973
6097
6000
6276
6402
6188
6490
6280
6573
6077
6045
6703
8936
6225
6279
6409
6397
6227
6253
6259
6361
6176
6267
6309
6162
6299
6641
6299
6229
6197
6274
6511
6172
6433
6397
6270
6275
11997
6316
6332
6144
6445
6321
8532
6425
6501
6063
6052
6068
6189
6344
6374
6410
6208
6281
6306
6652
6163
6016
6153
6199
6171
6250
6454
6306
9740
6513
7202
6194
6595
6350
6363
6426
6055
6161
6061
6021
6143
6072
6127
6362
6452
6199
6419
6208
6122
6019
6463
6319
6488
6394
6253
6103
6156
6401
6539
7070
6476
6339
6383
6263
6185
6614
6243
6703
6503
6137
6099
6057
6384
6532
6258
6356
6152
6331
6477
6159
6380
6500
6515
8183
6118
6156
6637
6623
6437
6309
6313
9116
6396
6398
6454
6560
7261
7013
6226
6395
6421
6042
6092
5994
16569
6728
8544
6439
6459
6270
6149
6495
6422
6452
6243
6381
6335
9368
6332
6253
6034
6545
6405
10511
6339
6549
6240
6252
6372
6318
6443
6388
6047
6289
6444
6372
6364
6297
6197
6374
6271
6391
6000
6111
6259
6008
9506
6646
6248
6373
