13847
5436
5467
5739
5648
5524
5445
7574
5321
5327
5568
6226
7726
5298
5905
5546
5516
5337
6295
5445
5524
8266
5333
5587
5568
8315
12844
7578
12528
7925
5830
5801
5537
5432
5673
5660
5675
7854
5605
5378
5244
5303
5826
5483
5323
5419
5203
5396
5341
5383
5352
5252
5547
5330
5383
5549
5314
5435
5663
5439
7360
5305
5371
5453
5440
5520
5297
5336
5360
5126
5263
5484
5279
5384
5529
5677
5373
5165
5270
5494
5457
14420
5306
5487
5357
5371
5395
5311
5559
5204
5228
5204
5390
5341
5518
5409
5366
5294
5435
5470
5127
5160
5190
5327
5360
5355
5369
5357
5265
5310
5319
5339
5323
5531
5141
5285
5368
5103
5268
5364
5740
5515
5565
5271
5139
5178
5235
5298
12058
5438
5530
5513
5478
6099
5488
5229
5216
5138
5290
5388
5296
5315
5304
5281
5217
7151
5471
5392
5210
5317
5381
5494
5401
5386
5436
5293
5508
5199
5203
5366
5295
5353
5186
5407
5692
5377
5179
5415
5322
5464
5255
5561
5091
7228
5247
5680
5529
5488
5416
6421
5363
5481
5279
5372
8458
5455
11113
5323
5394
5508
5238
5457
5318
5232
5434
5228
5303
5137
5256
5331
5453
5312
5420
5464
5071
6580
5536
5388
5448
5414
5468
5270
5247
5449
5816
5480
5408
12018
5407
5240
5083
5195
5300
5199
7742
5408
5419
5306
5800
5291
5965
5514
5421
5263
5403
5548
5296
5110
5294
5335
5266
5375
5446
5590
5470
5575
5359
5384
5318
5254
5284
5267
5178
5911
5296
5620
5346
5323
5427
5451
5170
5393
5198
5278
5231
6397
5389
5274
5266
5137
5772
5432
6264
5558
5802
5442
5429
5334
5896
5340
5512
15271
5439
5497
5475
5424
5409
5736
5402
5502
5356
5270
5232
5183
5311
5188
5339
5471
5457
5403
5456
5273
5223
5378
5263
5498
8250
6757
5305
5415
5486
5510
5367
5387
5533
5390
5382
5335
5366
5134
5356
5275
5331
5149
5510
18146
5305
5328
5420
5266
5183
5647
5518
5323
5385
5366
5446
5394
6895
5211
5240
5376
5259
5308
5319
5274
5609
7097
5349
5210
5200
5330
5235
5333
5298
5456
5533
5610
5608
5181
5347
5192
5475
5460
5493
5339
7645
5177
5319
5410
5084
5516
5377
5380
5461
5392
5309
5693
5447
5242
5246
5424
5878
6064
5370
5444
5320
6125
5853
5242
7790
5434
5302
5381
6911
5334
5390
5347
5449
5221
5090
5206
5324
5123
5122
5257
5686
5560
5568
5318
5376
5200
11397
5765
5866
5376
5471
5435
5317
5173
5341
5346
5244
5414
5432
5451
5409
5382
5441
5237
5335
5492
5402
5248
5446
5233
6770
5338
5523
5365
5372
5337
5615
5322
5447
5210
5296
5152
5391
5435
5457
7420
5267
5333
5258
5397
5040
5189
5467
5347
5318
5317
5203
5244
5416
7501
5276
6220
7621
5505
6106
5366
5565
5245
5311
5480
5450
5199
5154
5347
5259
7652
7099
5295
5725
5683
5639
5422
5470
5442
5612
5328
5250
5494
5205
5275
5408
5427
5189
5309
5430
5210
5204
5214
5342
5281
5304
5579
5201
5283
5351
5320
5298
5439
7771
5441
5244
5197
5227
5406
6871
5339
5517
12740
5374
5399
5406
5257
5360
5340
5311
8099
5480
5298
5722
5554
5398
5305
5317
5491
5336
5268
5422
5299
5481
13684
5429
5227
5386
5138
5168
5332
7781
5340
5426
5431
5489
5243
5464
5328
5473
5497
5755
5578
5629
5285
6985
5309
7219
5462
5246
5427
5194
5914
5435
5540
5562
5417
5446
5346
5153
5078
5201
5447
5512
5357
5387
5805
5177
5255
5169
5086
5455
5222
5296
5401
5750
5145
5232
5327
5441
5194
5613
5503
5339
5288
5321
5352
5401
5274
5429
5410
5396
5342
5366
5403
5476
5356
5314
5211
5494
5280
5510
5448
5329
5630
5312
5231
5133
5417
5102
5297
5372
5311
5402
5342
5301
5253
5284
5401
5569
5380
7209
5523
5393
11549
5298
5340
5343
5454
5221
9324
5299
5228
5579
5386
5365
5257
5349
5633
5210
5326
5267
5286
5528
5281
5380
5284
5044
5363
5722
5369
11782
5326
5287
5239
5175
5111
6838
5359
5360
5432
5314
5241
5479
5415
5245
5196
5186
5204
5295
5415
6620
6911
5286
5220
5312
5512
5214
5258
5471
12821
5181
7419
5327
5397
5810
5260
5416
5474
5251
5453
5368
5357
5677
5314
5263
5417
5333
5356
5421
5219
12258
5346
5503
14002
5335
5349
5309
5395
5295
5371
5385
5513
8338
5549
5658
5710
5463
5584
12886
5370
5427
5477
5437
5357
5411
5217
5592
5467
5454
5238
5414
5357
5263
5512
5340
5509
5316
7327
7807
8787
7436
6419
6353
5646
5065
4991
5059
5143
5151
5400
5471
5063
4960
5117
5193
5195
4848
5324
5354
6704
12392
6373
5084
4790
4984
5076
5097
5116
5140
5091
5146
4982
5183
5209
5272
7932
5434
4988
5056
5202
4869
7189
5284
5919
5168
5424
5383
5382
5366
5339
5538
5471
5620
12757
5291
5532
5181
5491
5535
5365
5400
5433
5358
6075
5289
12726
7038
5472
5386
5589
5392
5578
5632
9222
5617
5355
5396
5482
5376
5439
5465
5529
5303
5357
5623
7601
5429
5264
5485
5558
5696
5749
5681
5367
5539
5908
11637
5472
5320
5300
5332
5393
5393
5636
5464
7191
5286
5626
5302
5366
5374
5416
5587
5250
5465
6027
5256
5423
11943
5663
5454
5602
5456
7421
14567
5764
5823
5714
15038
5649
5699
5770
5761
6055
5687
5214
5269
5282
5376
5501
5388
5514
5164
5517
7962
5411
5457
5475
5487
5265
5318
5357
5328
5419
5460
5386
5220
5394
5398
5279
7046
5398
5465
5606
5377
5607
5291
5274
5478
5137
5405
5278
12656
5456
5281
5340
5242
5284
5334
5278
5826
5412
5341
5539
5617
5534
5550
5146
5282
5251
5453
5412
5440
5228
5339
5390
5333
5441
5319
5411
5414
5426
5150
5215
6405
5894
5807
5374
5502
5307
5364
5279
5459
5392
5436
5289
4967
5346
5539
5097
5201
5267
5236
5212
5243
5336
5685
5852
5443
5625
5388
5392
5405
5481
5310
5358
5358
5239
