50133
67425
51763
58289
47392
60126
50984
51783
61416
47825
46361
47819
51814
60723
49834
55704
47263
56093
66452
63988
48879
67566
55975
49711
47738
61438
57005
50845
50485
58464
47618
55365
60896
44600
45439
55762
50804
56733
58163
57277
45292
48505
53644
48627
52121
158511
60381
58692
58619
59280
62559
44319
58560
61483
61908
64983
57934
55875
53692
58752
57068
50347
55263
49726
80570
57485
57930
54970
50743
53713
59206
54347
59084
61943
51622
63893
59272
51974
58672
49306
48895
55376
49418
48489
49442
47127
52204
57157
49117
45837
47039
61290
50655
48167
51192
110159
59077
83946
86605
66549
58337
54609
44988
52196
50915
55377
82905
53778
45597
76565
60192
64245
52829
42139
45258
49839
128149
54964
48555
81776
43702
58224
46551
63623
47043
60137
60227
63723
47692
45332
47825
60012
61722
74652
73218
49586
56254
48927
53352
59361
50413
55697
52771
47825
47712
66609
53650
54833
46575
50500
48963
45390
120643
55789
54443
42640
44673
44127
43155
49025
57000
49024
51448
58422
48045
55561
49010
55735
58283
59197
56221
63343
48122
53456
59756
60259
54037
48554
47676
54364
59203
53858
48315
48008
62129
50981
55596
65213
61561
57734
70386
54398
49849
59888
50820
56261
47047
59076
57589
59261
57429
48702
46975
48968
55056
49973
49701
47496
47988
93704
57699
57269
48199
67529
48561
49467
47517
57901
48140
46953
48285
57861
52217
48329
64436
44154
50773
58051
50410
51407
46111
49952
64206
50479
52916
67938
55378
48400
50732
46906
58883
50672
49509
50289
46066
55121
77663
49379
51889
50913
78949
48880
63476
53103
55285
53407
57993
49476
53465
70073
61383
50582
46387
47105
62928
46917
59721
50416
53620
48900
49269
63426
47532
47694
57367
60138
61080
49525
50131
61197
61791
47852
51317
60583
50402
50390
46723
50755
60449
51996
75972
56213
50379
47119
65865
61858
46886
68852
51690
57726
51068
50575
92147
61461
50467
51292
55756
60198
67144
60992
48429
53201
64106
84963
48317
50484
47183
58192
59587
55953
58637
52562
62072
47854
61766
51218
61569
55002
90019
71937
71965
87488
71910
125063
58629
50218
54184
45217
76816
47491
56963
46490
45323
48493
45502
53830
50837
50456
47571
50364
50306
46380
121475
51116
47679
43256
93052
52749
42636
50493
382618
55859
47029
45021
55736
48307
965502
65996
60389
47718
54884
58625
44987
47332
51855
55065
49279
48930
46645
60200
62370
61767
54459
49549
51994
58310
53309
49151
65297
47592
48105
50192
50842
46748
47637
58991
46574
46317
51716
46998
45376
49414
60090
60814
59155
65083
92729
51814
57956
54284
44730
58665
47249
49738
48431
47550
74024
61425
48540
48148
88348
56753
52892
52109
62843
56776
62920
64076
47086
42545
57045
51813
46187
84940
56977
59831
44384
44850
46907
53441
67419
52583
218199
56765
55964
66497
49162
57889
92875
60075
50136
49046
47248
65103
46052
47448
50572
59290
52939
45865
62113
54982
53218
55111
92002
71234
62007
57599
43711
47583
54850
54161
44751
65288
47936
47993
44788
74236
54676
48001
62207
46494
51916
59271
45465
57389
50243
54465
48101
52522
45865
55241
55765
48687
48582
47159
56544
52804
49727
60288
58556
47014
49788
51412
62545
51505
49099
56480
57369
48435
51697
46462
48983
60126
48979
57977
56275
47009
51294
51399
51801
74781
49740
50402
54767
45866
59455
55360
49643
57504
45155
57844
61715
57939
60022
53868
52233
48337
51228
46641
61694
51318
46647
58069
51347
58041
47673
58387
57783
68163
49082
65150
54653
61250
57248
47584
60287
49522
59946
53273
50724
48045
54805
50606
47195
50439
62531
62495
60628
49211
74489
46050
48637
55929
47224
50776
47493
47362
53080
49317
49658
50633
60211
88822
48502
68120
48843
46133
56043
67054
57415
42982
47210
49017
43985
45971
47080
54773
47774
51220
44119
74857
43560
48379
56270
55457
43534
50761
63117
48215
48709
50942
58535
53015
57608
59456
46483
44668
54867
48249
57642
58137
48786
48556
67119
56760
51575
48537
60720
49036
93689
60266
50858
49920
63012
47861
54406
55960
46146
50518
56371
62802
57989
64732
63117
63162
57686
45743
57804
58827
46220
48422
66131
49095
55710
49995
61019
130451
46195
57564
48545
58916
48917
45620
53752
58180
48593
58553
46224
58722
60166
50757
58393
62807
57013
45951
49758
49723
55758
55246
48669
47965
73525
49802
63766
45151
76424
56278
45630
50053
57674
46060
53616
60804
57711
49301
47992
49811
60450
46516
57022
52718
68568
71115
56721
46276
66602
53036
55139
52373
46398
48096
59510
46361
64422
48569
46875
52441
49416
48938
83318
58288
70654
58047
59093
50466
48812
52422
46738
57422
61399
46913
46147
54162
47088
59705
50842
45606
48735
48894
56386
58214
57065
59075
50197
63621
73732
50247
62032
55695
73344
50469
67184
53441
65858
66936
57163
47345
44793
46600
71018
47041
54476
51401
57382
57653
45694
54457
54893
64527
57600
58964
49750
62149
62325
51352
51577
50081
67355
49883
50032
73389
61808
53661
50811
61476
48427
51761
46922
49401
46746
48861
55242
55835
60734
55064
52072
51132
55790
57301
57048
63079
45488
49711
54258
51196
57706
50575
54953
55015
47259
47733
49245
48355
70083
51734
45288
58603
51775
58967
50676
63772
50728
53333
60181
48725
46713
59177
52561
53547
47998
49072
49252
47111
60033
49863
49533
53275
47804
62829
62288
51611
49855
49891
47803
57686
60964
62771
53465
66844
49305
45101
59434
47741
49127
48784
52340
59509
50150
49776
47351
57576
78685
46077
64036
62135
74209
62110
50135
55871
61429
54996
57825
61823
121526
188425
51381
47875
50083
53351
58851
60619
57992
52005
59704
136268
57223
61905
49111
45763
55767
48249
57971
46959
46272
48987
58110
49667
55637
50425
61273
65555
50627
53560
59868
54827
50303
55326
88642
61252
62122
56023
49557
50750
50706
59431
66138
52232
49226
53883
50109
48613
53724
55838
54214
44520
47000
58652
49541
58413
48468
54426
49700
58066
45954
47069
48230
46089
48594
97087
51542
61988
66826
90165
50252
50306
48424
72352
53740
57021
55428
49724
45870
44286
53868
50290
56905
48087
54873
58580
54463
45464
55192
59079
48604
54731
50482
48440
52256
46698
57204
59129
49822
58966
46348
58158
77469
48230
55056
62203
51971
48671
61203
56093
53600
50953
56459
69906
60922
53656
50681
47079
45601
46908
71123
50667
51472
53046
63772
56174
