67870
66102
81552
122463
81171
63019
59978
64607
78799
95996
63934
66546
85335
82440
62110
81167
70193
66719
72052
83653
62407
81904
80113
78819
87324
84429
74733
79999
82554
83871
79923
60030
69233
69141
65676
66107
80791
80583
60518
66996
60498
65270
79781
68516
66720
82646
76172
64933
60316
65016
71578
68801
70126
76934
70515
58657
74962
76224
60653
129557
75513
58153
67013
62761
77774
59211
78855
65063
60245
63995
65093
83083
63803
79628
65216
97852
85959
74303
63190
121360
111793
67783
85282
78759
64358
67767
79241
79361
70674
92957
66688
62240
82554
62350
67311
80772
172499
79114
75404
108305
103202
79399
100798
77676
99262
111279
73692
80820
65549
58215
62779
58756
62646
62211
68275
65985
62022
114893
85857
104622
92095
88216
86497
92302
77788
88206
96836
76215
66260
65639
75764
136857
87003
68952
135751
74466
80014
75750
58928
59508
82728
72964
60063
72410
75174
59864
73027
77966
77137
122515
63051
84890
66385
63651
58502
72537
77768
59025
59012
61989
66230
61063
60231
59512
83884
64156
66978
71616
68013
68807
58745
58566
69704
66806
71290
58628
67013
63613
103627
77321
75118
61750
61948
62492
59277
65746
66534
66938
72904
122955
81628
66878
65527
83034
60229
59347
58195
76675
59570
55626
73343
73591
58440
72980
81415
86457
62122
56034
59106
62061
61467
59042
62402
80814
61176
59742
73799
62307
59822
58744
62694
60263
61359
62298
83477
58509
76753
58132
64179
62011
240287
58997
57434
60060
68105
70364
77754
131944
54491
84933
75161
65293
76811
62492
67903
121217
143767
99751
207598
119044
153888
106710
65775
81814
96898
86968
62167
62320
77116
64413
72608
55804
74436
62144
58504
75578
62918
58640
80060
61498
64204
83063
75757
109214
72256
70550
59637
59875
59033
71460
73556
79059
58320
74702
65974
121864
58283
60780
55317
69654
64472
74892
59226
67604
60047
77017
63738
82592
72035
59249
71715
122615
127323
65531
80675
80179
77044
73915
61031
57192
61214
75817
111828
74083
77287
62802
62683
81646
68488
63606
78915
66156
77492
63554
80970
67758
83241
67082
79563
82094
69057
61777
65076
85356
83363
63741
64338
64282
65196
85197
69540
70830
64935
82545
79329
79081
78488
63319
79790
61330
80855
62617
81990
61801
79785
82860
83083
59878
64910
84542
68428
65682
79054
69614
68122
89416
60410
76250
61960
86131
68151
60114
160713
81481
59783
64044
86739
77416
64079
60373
68789
60627
64915
80429
74908
82314
59313
74675
63724
61146
60374
79968
60344
92066
73044
64391
64169
74744
66386
69124
59011
64352
61837
60967
65098
73897
81795
98263
79079
78802
60607
58848
89030
66870
65029
69160
83214
57375
59473
66613
63350
61655
69741
81911
63493
83794
65450
74757
72595
80305
80172
72603
66769
64017
61926
66399
69474
61842
82541
63084
60109
71092
60984
65037
59829
64747
105298
60566
79028
69049
62416
78605
78571
65356
68124
65881
72921
79683
132139
67152
78968
62930
63732
76081
63231
59124
64723
60798
60624
64848
78381
64675
64274
62284
64248
63782
79020
81134
68029
82691
100659
67539
60653
78948
80869
82865
67607
81772
60495
66319
88624
77780
64732
78638
57973
91983
69039
60811
64894
65022
68216
57404
63461
59833
63182
85928
97747
65240
71806
63498
101307
64437
61203
86189
66965
60874
77236
80844
61010
64455
80684
60880
59245
533353
83472
64007
60238
63029
71417
84494
76886
59875
65228
64954
79029
79417
65490
77672
63139
64401
82491
58616
59068
76345
65764
57747
57968
62023
57255
56774
62174
72436
76782
66232
57570
77471
63786
60194
79667
77108
81072
77783
62167
90404
78320
65182
80420
59306
60952
98333
64940
66675
75394
66953
67629
77096
162676
81590
81146
60575
78684
64456
82910
80472
76759
78061
61473
400434
60342
79627
60264
60612
65973
90151
69706
64068
63699
59152
67208
61868
111673
68710
81203
73248
81847
70184
79747
69604
63262
80104
81433
65798
77584
60899
85858
85736
77244
84106
98327
63986
60749
63352
59854
81081
64725
63618
61201
81169
66057
123685
102928
129876
122712
95823
83807
64247
67896
94747
64120
65463
69179
98832
77999
94023
60998
69637
79407
67451
60019
79549
63302
79907
66168
63734
79568
80515
72981
65056
77791
119458
78886
75562
66855
238021
114511
89820
86654
73557
85373
61418
76787
84225
70313
84280
64787
65231
80674
58229
94150
108418
67382
74996
64114
58781
60764
61018
93983
75337
83429
75228
128303
77855
100290
62907
75260
66272
67145
58941
75234
107667
63807
67512
80837
73039
63439
74509
89126
78270
83483
79184
68139
63330
79934
78323
61008
77415
81979
63224
70835
71416
71984
64283
105086
79608
79951
61388
78212
61797
59493
60407
82904
66679
66978
87263
63592
64317
77436
60952
83050
82602
79204
75047
67758
64102
67197
60968
64413
78238
63757
58269
61979
87642
81795
77764
81897
80482
64023
65017
70661
79929
64019
70488
82158
65826
80984
81924
65228
89968
66256
62865
63230
66873
72475
64129
63976
127402
70036
67057
65056
65987
82645
81831
61934
82070
80171
82642
67105
65897
62179
61664
64074
61580
60274
60682
65086
68344
82741
82786
77319
62080
64447
65641
69064
60865
81760
97193
65399
80944
80060
78671
83106
79587
64874
64670
70885
77577
71350
77894
71576
80978
72066
65580
92537
63460
70357
65773
107448
79977
62871
64138
65288
84003
64788
151728
60271
81727
65727
79831
60763
80998
80286
108405
60410
63525
63170
72427
61370
82613
61523
80348
71071
66109
89149
67713
70246
64203
65803
61497
61742
68546
64829
82058
82327
62185
89116
59907
63955
66260
94906
78348
62063
65714
61636
116237
89779
68793
82173
87173
64743
67907
69840
63418
81103
81207
82499
62568
81954
62711
67249
61624
66305
66564
1857698
64120
61895
74550
84585
60566
83541
85384
67491
66198
66123
89168
83150
65859
131492
81768
66578
87900
82861
60699
78292
69822
82547
72233
127252
65926
81586
66028
65299
63521
80906
79226
79404
65013
64307
73795
66854
82899
71556
68274
65152
61585
81405
69905
82963
63901
61256
65574
66835
67856
64920
66836
83571
79769
210068
60858
71499
83781
62389
75404
58418
64602
68100
64569
69538
68294
67183
109487
82455
67219
89639
83693
66800
65166
91317
64475
63736
62416
72214
57225
75554
104155
67147
66319
65555
160609
80496
67600
67935
60178
58153
73794
60532
81833
58819
59980
77845
76490
61492
58145
84109
59859
86514
78617
64261
70382
82200
79172
