7343
8156
7444
7214
7358
7437
7490
7204
7041
7047
6950
6918
7154
7255
7180
7157
7191
7031
6972
7153
7032
7133
7222
9282
7173
7274
7354
14277
6993
7164
7353
7262
7154
7385
7299
7408
7107
7091
7246
7190
7272
6897
14982
7270
8381
7502
7367
7202
7150
7256
8907
7544
7372
7400
7425
6994
7165
7161
7204
7125
7201
7431
7232
7080
7432
7206
7275
7448
7078
7189
7029
7037
7313
88706
7158
7407
9325
7258
7379
7232
7216
7087
8177
7203
7281
7157
7560
7459
7730
7228
7408
7533
7265
7151
7299
7283
7285
7440
7428
7379
7314
7127
7136
7194
7217
7239
7352
7306
7430
7400
7486
7218
7202
7377
7044
7234
7175
7210
7290
7603
10135
7116
7157
7171
7081
7303
7252
7426
7353
7405
7011
6985
7121
7456
7432
7278
7466
7406
7398
7129
7331
7367
7464
7452
7391
7995
7278
7434
7378
7376
7197
7007
7009
7152
7067
7135
7370
7265
7451
7231
7313
7075
7158
7244
7159
7180
7207
7642
7345
7223
7176
7039
7026
7121
7260
7726
7247
7146
7252
7121
7255
7222
7204
7203
7200
7461
7248
7280
7806
7435
7151
7137
7444
7539
7227
6995
7311
9672
7291
7583
9477
12677
16128
56890
7610
7194
7503
7141
7381
21322
7207
7052
6968
7140
7143
7410
7380
7190
9189
7606
7230
7704
7066
7542
7272
7170
7156
7141
6920
7181
7109
7019
7374
7303
7104
7283
10289
7326
7442
7667
7487
7050
7397
7550
7456
7760
7353
7155
7292
7643
7421
6997
7328
7047
7329
7343
7213
7746
7501
7246
7160
7454
7233
7315
7214
7381
7190
7096
7351
7014
7326
11143
7206
7256
7105
7173
7479
7212
13064
7451
7242
7171
7473
6855
7199
7034
16332
7087
7621
7079
7190
7472
7227
7311
7531
7089
7172
7268
7216
7343
7181
7523
10701
9847
7397
7220
6988
7063
6942
7474
7233
7096
7170
7460
7146
7130
7475
7400
7337
7381
7718
7018
8804
7288
7721
7733
7433
7052
7108
7272
7175
7137
11552
7412
7387
7094
7266
7233
7185
7144
7654
7101
6969
7060
7147
7356
7367
7835
15667
6956
6951
18062
7364
7320
7368
7392
7355
7329
7053
7202
7318
7338
7346
7214
7316
7309
7064
6933
7085
7042
7111
7174
17443
17912
7195
7266
7505
7206
7345
7299
7234
7224
7075
7063
7150
11142
8363
6846
6547
6618
6443
6702
6405
6670
6555
6561
6926
6959
6430
8248
7017
6690
6863
6522
6756
6801
7014
7093
7205
7633
9268
6987
7105
7050
7188
7478
7287
7282
7246
17772
7455
7263
7381
7221
7171
7318
7340
7618
7328
7510
7416
7145
7194
7229
7539
7972
7371
7383
7603
7407
7442
7344
7364
8023
7432
7723
7653
7542
7283
7414
7201
7142
7217
11464
7430
7235
16020
9590
7243
7876
7235
7181
7374
7396
7860
10872
7315
17774
7571
9202
8238
7329
7292
10794
7275
7214
7259
7268
7369
7246
7170
7326
7366
7469
7346
7192
7461
7667
7636
7332
7354
7536
7176
7562
7182
7366
7257
7671
7417
7371
7428
7242
7417
7108
7341
7269
7302
16000
7410
7284
7340
7354
7170
8469
7393
7593
7576
7519
7399
7221
7437
7589
7223
7167
7742
7338
7473
7435
7524
7700
7344
7205
11346
7311
7167
7359
10980
7344
7209
7320
7189
7432
18576
8716
7739
7715
7668
7672
7697
7402
7172
7458
7124
15746
7197
7274
7433
7446
7827
7586
7247
7360
7140
7239
7405
7244
7176
7293
7193
8043
7236
7259
7227
7655
18053
7346
7453
7534
7260
7179
7802
7138
7262
7413
7226
7265
7327
7599
16146
7525
8021
18734
10869
7833
7857
7859
8058
7915
8630
7851
7827
7770
7097
7130
7170
7144
7282
7684
7028
6976
7667
7073
7098
7237
7046
8185
7289
7585
7303
7099
7322
7203
7407
7392
7391
7581
7492
7320
7479
7518
7184
7223
7153
7005
7871
7504
7218
7272
7821
7058
7102
7326
7333
7445
7362
7143
7417
7217
7151
7762
7227
7062
7035
7352
7270
7112
7711
7248
7286
7127
7290
7130
7103
7261
7138
7121
6968
8993
7621
7551
30695
7169
7585
7496
7308
7272
7277
10050
7614
7333
7491
7152
7396
7062
7133
7497
7159
7408
7199
7373
7181
7414
7184
6970
7061
7257
7021
7161
7396
7104
7165
7213
7233
7071
7694
7152
7169
7156
8278
7465
7193
7208
7337
7112
6989
7362
7326
16570
7296
7216
7334
7007
6987
7082
7272
8872
7400
7454
6994
6996
7293
7220
7020
6991
7314
7505
7282
7035
7307
7236
7219
7304
7153
7348
7325
7259
7233
7049
7431
7409
10000
7523
7304
7537
7380
7375
7166
7113
7472
7403
7180
12650
7282
7171
7371
7532
7201
7144
7360
7416
7470
7212
17843
7336
9203
22243
7316
7415
7375
7168
7285
7225
7164
7076
7316
7304
7587
8329
7768
7370
6987
7227
6994
7299
7338
7297
7650
7448
7229
7048
7117
7147
7277
7264
7450
7084
7123
7196
7292
7140
7333
7088
7112
7193
7204
7293
7541
7463
7379
7160
7302
7362
11449
7046
7108
7146
7051
7280
7232
7220
7442
7390
7249
6945
7037
7244
7067
7482
7228
7274
7372
9124
6981
7120
7048
7133
7163
7132
7086
7098
7143
7242
7539
7288
7425
7364
7111
7218
7473
7393
7295
7258
7233
7731
7373
7036
7220
10239
7297
7250
7166
7021
7397
7325
7112
7322
7367
7426
7170
7482
7496
7403
8399
7365
7012
7198
7130
7058
7062
7175
7197
7729
7416
7017
7025
7385
9229
7240
7994
7440
7417
7463
16467
8431
7454
7037
7341
7285
7194
7138
11052
7325
7077
7072
7152
7362
7378
7397
7319
7217
7182
7178
7393
7191
7367
7440
7483
7266
7607
7264
7113
7383
7463
7378
7359
7696
12482
7206
7241
22336
7383
7211
7125
7324
7572
7243
7476
7538
7357
7406
13655
7083
7065
6979
7115
7029
17264
7234
7344
7461
7153
7317
7408
7717
7687
7364
7323
7163
7413
7178
17320
7179
7218
6924
7840
7020
7274
7158
6958
6935
7292
7282
7426
7183
7219
7705
7461
7148
7184
7534
7259
7040
9060
7224
7161
7087
7269
7289
7264
7222
