32533
33042
56956
60852
34644
35959
44654
37793
39211
32477
38655
39498
35135
32780
37558
32343
34830
39218
36090
32816
36571
52773
31752
36652
34394
36323
62981
47678
46104
55727
33027
35920
54113
35868
35250
37281
34449
33296
34466
52222
41379
43843
43824
54665
43559
40005
41223
38979
34255
34487
40841
44003
32471
35384
47133
37260
49278
43718
35786
32241
34520
33081
34905
32376
35276
49341
51945
39639
37391
40197
38422
35375
48055
37664
34411
35108
37632
52167
51510
33688
41165
36264
32318
56061
41420
35288
31796
35878
37505
49086
36691
33388
36977
32554
34434
37504
35298
48378
33534
32862
32611
38661
33957
41040
38931
39300
36898
36347
35753
67952
37122
37635
35867
35382
61703
37811
37520
35606
119560
38108
35881
38437
35443
35069
38112
36606
39976
31931
34955
35279
36569
34997
32613
48525
32362
36233
34371
35933
33552
48746
32929
35267
35257
33484
36908
40161
39708
41776
45139
32682
37444
34610
38663
35452
37500
35686
37612
32513
38983
34510
34991
41072
38749
42532
34344
34141
35289
37266
38955
33226
38721
38102
41064
52047
35238
43628
42216
50522
60672
37854
37328
39298
36243
35808
32694
39096
60873
43251
34890
35240
57384
54268
38530
39394
40227
42028
37076
35226
38145
38476
37394
35502
35606
35955
38473
36484
37972
34954
37989
36302
40515
35865
39413
39443
44049
38890
37636
38912
41678
43902
38826
39449
39073
44624
46810
37543
45027
36058
67176
39074
39383
42115
36780
38074
40663
42681
114575
43875
41831
37691
40569
37989
37704
42039
38029
45706
38524
38911
45051
39845
41324
39053
69098
36429
38136
43433
53367
38658
38626
39531
37995
38038
38719
35509
36053
42840
36891
39519
36635
47827
40897
38571
41873
42216
37136
39151
37042
35275
37353
35398
37767
40917
34361
38570
36503
41451
36653
36337
35838
39237
35915
38252
35297
35613
37827
37359
38872
39649
37722
39498
46750
46699
44226
48756
39706
40343
35524
35109
42754
37804
39376
36014
40673
37987
41717
37928
37319
47057
41725
37547
41512
41132
40068
38727
38390
48474
36004
39781
39348
39704
39959
37871
35350
44484
51519
43690
70141
44829
49374
37956
37398
39609
38770
36303
38621
36146
36976
41500
39972
36987
41090
37355
40302
44458
48221
45519
35357
39111
44057
41077
36370
36473
36376
39651
42935
37215
44636
35541
36029
40548
42090
35005
40474
38290
42399
38756
38653
38567
35734
40959
36626
36247
40870
42183
50644
38340
39445
37782
37651
37089
36061
37654
38307
38715
36682
36696
36991
41689
58284
49607
44214
42578
45114
40377
39618
38515
38010
37828
41206
75607
40223
37815
41271
38530
39360
43260
50828
40283
33591
36486
35000
37592
37043
41195
39689
42954
38513
39094
50535
48238
36076
39675
38700
35282
36284
49140
37750
42208
111846
38650
48181
39336
36165
70200
41740
37720
40298
44880
39676
37786
36533
37294
39650
40161
36082
38922
52813
39043
41507
36317
43138
39899
38370
38068
36341
34964
39153
41051
48964
43470
41511
37834
43830
38471
35762
44278
36499
39871
50116
72552
35866
38670
38797
37047
35375
38393
36186
36237
35132
41388
41752
55646
44164
45819
48828
46251
198062
50801
49295
43850
43249
49044
51380
65090
49223
43649
43041
44065
42991
44553
49117
42007
48810
85507
45083
51321
50477
42010
55894
40309
66657
40600
48777
43413
51192
50864
77247
51938
44215
42845
45981
40451
50149
43780
40525
43084
48925
35341
42216
54986
43914
43825
44590
42149
67443
42481
40117
100544
41778
57191
36381
40666
40880
36394
41589
40120
41848
41132
36259
40006
40723
38791
41530
38744
35280
36627
38959
38204
47678
37074
39978
41943
43908
36972
38120
114304
47359
41418
38263
36553
35216
39473
70365
38431
41927
40422
44762
36307
38283
67121
38244
42086
38185
36075
40972
42174
38372
40626
69153
36934
36650
36011
52253
40152
44390
41558
41210
39592
38968
51728
43554
62349
50755
41257
44428
48585
47560
40453
59533
37062
42673
35318
38743
40656
34771
46267
46323
38372
43105
40470
41202
39693
37770
40749
38769
41623
42658
41691
39235
37936
37337
35457
39016
39045
35426
39033
39470
36270
41012
44819
44619
43458
40632
44656
41032
50502
36028
35530
34639
39807
36697
36075
35660
38197
34331
38599
38474
37518
59988
37022
37951
42281
36193
35444
61412
37448
61809
34936
35607
39154
39307
38771
38728
43314
38803
35737
35009
38914
48899
40605
45194
44434
37102
38600
40547
40840
49088
42207
39979
35718
40386
40682
40131
38707
42505
41104
42555
43595
38409
36406
39547
33372
38919
40434
42714
43516
35611
41224
42668
44241
36422
38731
39696
34712
35818
36934
37089
36773
35027
40193
37057
37534
44248
35948
48147
37593
38919
42678
37409
69994
36514
37473
35599
43707
36260
37988
38829
44633
36684
43842
35169
42165
39996
44179
36084
38405
35277
38986
44725
46952
47300
40536
38871
38058
43442
37370
48911
38136
34680
38454
43083
60662
40640
38314
37175
40622
37898
47019
39956
44488
37255
37547
43168
37121
36170
37215
45501
66181
46868
48294
36388
39233
38140
38904
37101
38626
37281
38240
36986
37586
38626
36175
39427
39557
83103
37081
36476
37417
41873
37723
35554
40440
39357
35488
41690
36215
34764
40338
35327
40164
38823
38235
36746
36936
36558
40943
37451
59774
37739
45595
60704
51005
49495
46350
45495
43006
41491
43275
39306
38172
39399
37796
35447
38901
36976
40642
40308
41040
45828
36869
36551
41536
41529
39899
38742
34457
36988
34977
44826
38458
37663
66411
41794
39365
39725
39396
36885
38017
35071
36347
39678
35679
35130
38992
38730
34945
39350
39224
36521
38037
47461
38828
39887
46946
46665
40400
38626
35634
35010
38218
37595
42969
33186
37271
37421
42348
35010
35528
41097
44284
44964
40480
55309
47903
44701
48688
40289
35984
34870
42586
36882
36638
36071
39429
37747
39875
34809
37600
40883
38539
51221
54176
44349
37801
44481
45893
42080
44670
45823
41881
36654
36027
36230
36708
42393
69536
49162
54036
36788
56083
37446
36413
37350
62732
35521
41284
46247
39099
35805
35548
39253
40169
37297
38379
37360
40747
40042
35341
36783
39817
35112
38235
40937
37162
44585
38782
35691
40766
35280
37831
38719
49022
43392
42291
41136
41487
40057
47097
40895
39338
35275
39654
35704
41544
37101
37508
40059
54438
33959
37501
37054
35732
41750
36714
45874
39201
35702
45634
38496
37843
