77253
76755
98357
159397
86046
110892
111786
68384
73601
72927
73214
100695
76583
80162
85335
76596
79146
87544
96893
83780
78972
80032
97689
80112
79890
96939
118893
99078
126051
97725
83156
75546
135409
79907
87114
96759
78485
98480
98602
75919
97000
94615
79801
116982
80041
81157
102139
79100
74003
78829
97939
78880
98470
78709
83631
107782
121488
96619
113301
92752
96724
133244
80870
104033
93873
80118
106719
173983
77371
108153
84386
103070
105266
92433
127443
79328
83506
100314
100329
83654
99803
93451
93821
72419
94820
79680
73959
72888
87516
73665
91970
95337
78849
72396
76463
103248
94631
89051
69316
99144
90094
79349
92267
91861
91613
92317
96437
75277
95918
92609
109275
111236
75144
73500
76791
80271
77027
76539
83452
74734
105946
94425
72222
164311
80722
76553
98233
95080
72578
92864
79186
76315
94745
99535
92135
90494
77800
97122
80398
73813
72983
78798
101608
77393
77183
88431
75894
109639
76287
170389
78072
94365
98088
83219
114445
103241
70937
85423
91044
84554
88532
90083
82774
75395
76705
122608
82986
85963
91638
90626
75188
70418
86594
187599
77272
76685
79742
68850
97407
75632
71717
91920
94417
86904
73292
99494
93139
74149
77017
78411
93417
77351
77356
93499
93932
96745
72458
72480
95925
95045
93236
75475
78096
93427
98797
93677
77998
74329
94046
72740
93723
73544
111517
87682
95827
94008
77631
73348
92958
72538
73343
72246
97682
102728
79324
112627
70244
76450
89788
87947
78425
90375
76246
73331
74902
70215
69674
77361
78024
92081
77587
80022
73687
76866
78802
73295
71840
86956
83147
79919
75077
99655
109005
101455
78133
85345
80566
100574
80797
84946
101460
79487
93320
76736
93786
101937
93568
79846
96597
77788
78838
98878
75337
76276
108650
86965
94340
72996
106938
76322
93728
80476
102708
78861
83270
99599
106155
73957
72710
78621
100297
101103
84460
96252
79508
78633
77155
94983
75603
97585
76667
80790
93013
94186
80343
79805
95211
94831
72585
87781
102922
80804
77874
103996
85769
72759
73855
138046
88749
89097
78458
92548
70407
73946
77681
78231
73052
80119
76651
109435
89983
77962
82813
92850
94967
72720
75097
77643
73722
76247
94421
73239
72334
76735
85101
88787
82435
72546
77482
147870
97789
77054
72149
72617
77779
72694
74993
159028
79595
78427
88364
79363
96845
95235
94328
73054
80632
131040
78093
106690
150490
76930
72102
92476
78497
96121
75329
72182
79199
74251
99114
81658
74815
71203
110077
80434
79202
75407
75782
86173
76540
132004
79422
75231
80207
74606
74920
78265
85180
96951
97892
92062
95064
97179
70818
74852
85222
75022
72978
80978
76225
88283
72380
77011
85670
72910
95269
94529
94117
93496
93735
78949
100149
82306
96923
86844
124220
75768
100194
78789
76425
96296
95465
102669
73039
77027
82357
95290
94173
86476
96249
84353
95138
94756
78652
112923
97842
81816
93624
92319
93144
101100
93707
93047
99287
96199
91793
96036
77201
78028
93350
77379
92510
70452
66848
89615
145386
128423
73083
89540
80171
70140
68659
73775
146385
72539
71217
111379
82400
74831
91100
71917
82709
76056
92935
76717
92399
78502
92634
92661
103996
96457
98864
95131
78136
95228
81160
81765
78824
74304
74596
100416
90979
95389
76884
158766
92680
103806
76880
73869
82020
72015
91074
93115
86629
104935
96411
110127
66497
74904
71923
66210
84088
87149
72059
71060
141045
85489
70015
68325
88561
86934
66684
140950
71139
67122
139150
69683
88494
73332
74513
123029
94304
77605
138180
76306
77000
94350
82539
73025
73673
92561
89488
71986
71986
88170
95899
78332
93033
80404
77455
73544
73011
76865
99758
73537
91656
89159
184030
96513
188869
93989
72287
72703
80855
72136
75362
95647
93234
94538
101565
107534
75778
100349
81897
79794
74749
83893
91620
89290
94014
93403
74282
77616
96860
94785
78585
73820
76038
92692
93421
95911
96583
79919
87111
109257
85181
79371
87603
80345
77057
79874
98521
101475
79096
116378
96114
78130
96302
79366
103285
94966
76871
94161
72353
96245
92354
72790
92573
79283
84882
75312
98714
126205
77910
94271
95048
76539
79207
101085
77203
96915
86416
79006
87266
82014
88180
95403
75480
77171
97680
111014
74500
95037
78073
96239
97231
92924
93425
81365
81819
98015
78877
102015
73437
77989
101220
96333
91758
99416
92269
73326
72510
77089
90425
92448
75689
94055
76592
92184
76229
82693
78112
77421
104297
93995
84864
96307
72876
96108
82758
76496
91217
94905
90573
95780
98859
78355
94861
93706
77521
80393
94399
102357
107770
96175
99880
100840
82220
97708
72571
75842
86889
142529
77734
141988
99339
78755
77234
82406
89358
117449
85490
102484
89816
106979
128764
97326
191910
96778
98349
87293
71615
72080
77624
94724
193423
86157
76564
69898
70702
66902
134980
77874
71519
87046
75643
72058
85100
184747
85553
77580
142344
66979
77633
80576
111343
141998
73481
89616
80731
77062
106747
92218
80144
78550
80613
146883
70706
77078
74122
82828
149196
81950
101741
84368
94671
92611
92110
76227
95924
95344
75714
209079
165715
109462
96771
96483
90596
91553
96031
93560
116897
118276
95715
105910
92001
71341
100341
90317
84784
77931
82923
91195
90815
77681
99224
71177
97529
96417
80271
113872
78880
95573
96356
88789
92910
76244
80143
98702
75805
75425
80562
82079
85382
418019
96740
71614
88306
79847
92369
78636
83911
77900
69750
76476
76051
87952
93027
67690
70110
106316
237659
174817
93195
101432
93741
94621
85671
70930
82422
72201
77346
92279
99126
78676
72207
74717
68013
67026
74500
87961
75832
104152
72199
98173
86159
112517
79625
95699
78869
119358
71717
74556
84748
74661
70594
75334
88678
70523
74502
90030
254118
214687
84375
102286
156736
180659
80187
103935
84163
105635
102541
79782
99942
101160
83373
80347
207014
89395
83976
85809
84653
75342
76113
75876
95197
105262
136592
90123
86978
87133
91861
87384
90780
86826
214523
71759
78112
144386
160588
70944
86451
124690
75925
84749
142109
104642
146417
73553
79388
99050
76591
74512
75425
75552
110586
103281
90724
91322
75018
93536
94762
93605
95339
80301
95339
76028
80467
77043
81883
74910
79549
76046
74075
77117
77636
77437
95104
75510
96931
97095
73195
73045
76642
107015
77582
101588
73167
77240
95531
92915
93519
93682
93861
71926
94349
77277
77972
93724
94876
75000
73594
89766
88433
85983
104162
77629
89469
92083
77763
78652
82682
88772
73702
101365
98654
79681
83458
82406
