214242
214336
141542
143180
122685
182853
129163
157410
129170
144895
129352
147063
156068
168627
146160
123427
119496
180445
178259
157896
135878
127594
138531
140090
131092
137753
138519
123365
158875
143299
128088
143896
1085561
185639
186616
167931
179431
129613
133240
232457
194849
287531
156055
154350
234927
199299
179749
183162
172880
188812
148747
171786
165664
175067
193392
151767
137449
185602
248970
189523
136541
146244
143004
192592
135980
221570
141564
180692
147300
168426
133447
130654
190885
253442
173391
211998
249609
170942
194492
178622
168861
158776
134885
186746
149461
134671
154258
137858
165424
151413
150197
160395
135583
166500
177834
136054
160082
132086
144360
151198
168169
145365
164134
137993
133569
391236
158287
150346
270350
172285
178997
147867
170771
189585
189966
162932
445357
153227
177660
754224
170453
187721
271916
136859
167502
157123
146548
278195
166858
163709
192016
154436
136688
140115
139269
146522
206042
157272
163398
191169
1525093
143362
178933
164311
186500
149025
168994
158688
169596
135905
135271
148651
166983
174478
182482
132329
168307
136220
125884
166183
149709
224571
176431
133137
146150
127746
126463
190059
137140
157269
171469
151222
177506
178413
176460
164282
176793
144345
176665
178926
139457
177325
171555
126555
137940
214123
187722
143583
185361
130794
132802
180552
188305
146785
148335
157209
173502
180000
195338
129803
132714
148882
190801
141780
166974
166477
141994
132168
167025
138744
172453
151633
143160
207695
135971
131653
135625
166486
142651
139163
131139
177474
150422
136756
134072
151859
152606
143581
278831
126166
141651
139685
185261
183401
217635
133831
134610
181156
131263
153985
148714
161142
132916
162659
164947
159173
131071
128032
170898
173220
137991
165292
197298
171100
179845
162987
139635
136387
135850
261074
185728
167452
139876
163435
164914
252710
160306
208285
227516
171076
153325
149151
168117
151950
144762
170307
131875
189823
125587
117588
130312
123939
129196
167483
168352
126771
141061
121024
145702
163073
125877
180146
126871
130071
132853
154869
143919
170921
124200
193033
157320
130010
177964
164690
172160
146202
186560
149192
177150
132635
131220
174751
143004
151558
181337
150694
136468
137088
204615
151834
144167
144664
162298
132955
168292
149681
130626
142478
133688
207799
127654
190050
146370
134976
134416
135595
382376
140844
142930
136815
139570
180535
130646
167541
144202
176525
156720
137743
163127
148985
150725
145140
169678
161269
133980
134734
154300
162675
171732
133435
172700
148066
192170
171323
128979
132189
179464
131698
146476
161905
207304
144297
138164
182381
168753
130846
137134
134795
132472
131235
167523
226423
130366
165836
161225
126722
128731
190715
253902
127671
190737
174644
148528
142150
149407
181221
173523
130086
133843
188903
187975
131667
141427
190624
159428
135283
140055
194255
136247
151217
142894
172157
179066
140829
142188
149562
130998
151878
218456
149019
129689
167496
153407
130587
137696
132131
133909
161067
131669
178070
187405
183514
165101
174799
150946
136007
187171
184481
167712
177709
133371
132136
126750
135784
182784
159529
134824
143312
154681
145970
184401
179854
131525
145741
141406
142367
161845
154091
168940
185343
146958
143967
174050
160267
137256
157821
132291
177869
193554
168347
189147
128910
207082
200176
147975
173993
164924
549942
132130
147321
131280
127681
174228
125709
175299
175886
130607
158140
171338
151137
168799
164224
169021
132429
162309
166641
165258
151142
127125
166939
163028
179255
152255
127523
127754
184440
162265
164453
124874
131717
148600
166747
181251
189319
156499
168727
132261
139176
178141
230122
179465
130767
181503
150156
163336
131575
149622
130198
267897
207943
163484
255479
135327
165758
130450
180434
185989
156866
128805
125702
174536
172494
125066
147367
132730
148812
152818
135350
159260
135955
129861
134468
171945
137176
147310
133887
376569
130241
142280
252394
178670
134341
135514
148625
146348
183828
158289
145231
189873
180895
180554
143043
134200
189092
244726
160378
184593
173305
143013
131333
163849
163197
165519
148272
142941
151196
355437
147309
141250
141851
132606
184023
145111
330651
130809
165434
217242
151667
156232
130553
126915
166239
132130
184024
152469
141436
174636
162679
156689
219118
168565
170979
165678
131284
132128
144635
147105
132094
135636
135716
142398
177547
167911
131687
141758
140296
155072
137212
166071
187137
155122
130329
167642
161757
283666
185169
165298
183132
130767
152770
148000
136536
166793
181043
132591
183312
559197
178390
172698
175035
191110
218663
126979
146356
128066
147050
135068
149277
152251
202129
157759
136916
179442
179589
177613
130364
151546
152125
146730
170529
139074
141214
128114
185727
166485
134034
153910
160097
129059
160752
192828
175366
128889
163488
143866
129379
138921
199338
215135
143186
137198
147125
168659
149715
178833
130362
149478
127791
222872
147523
173735
170698
158853
147783
166080
149322
132053
143384
183520
165708
142578
209218
137692
130091
138783
130965
183133
130735
142322
168009
196670
137192
153570
186303
134692
185599
133940
130207
129611
171125
179076
149119
160861
134995
151535
160598
135155
177063
131380
167206
163167
169510
135810
133805
141107
173635
182314
139906
156353
143256
222015
178444
173890
177207
127002
127477
157442
133687
184193
131286
167854
145376
160770
161723
181988
140470
140419
149606
167609
149217
205013
189164
129491
129785
198770
187843
141339
137652
134674
168289
185095
147891
154874
137599
157723
137716
191854
183380
133948
169937
169623
170418
180354
153469
163602
162171
137755
245397
254126
202143
170992
131235
183181
143172
168972
148314
144224
169741
135062
139844
135173
160195
136271
185671
135632
132074
151576
196396
136501
170598
136866
159673
139495
195817
185121
216550
135175
175216
198256
146737
182797
135683
134271
175211
137475
167141
204413
133728
160794
127406
134091
137814
174358
140865
162254
183301
134067
134140
134208
148580
149503
137170
166534
137324
185190
144854
136753
129689
147525
186857
158033
160743
154482
168736
140637
149475
147210
244097
133234
227462
148814
130461
133686
136049
135428
131444
195447
177501
183420
249268
180355
157146
164158
178580
157638
183713
188627
179116
195585
182161
133694
139940
204455
156306
2571803
147641
150199
131660
174097
143974
148118
154875
186961
133812
131949
180800
134336
180691
259260
149075
134355
133129
262803
168206
190014
191420
145011
133052
132951
130407
143670
219671
134781
172338
176250
134857
173951
135470
185441
224628
127716
237021
151611
187812
136020
133143
132982
242735
133299
261676
130343
130003
156115
176035
142254
149431
231337
172268
138533
144922
149215
136662
173936
139140
193943
150715
191430
138236
341853
177030
188642
177232
137666
177687
137831
326097
138635
210477
133605
170081
133721
137653
138546
127942
130803
128859
191468
155173
151520
171355
124004
241908
123523
156165
120569
164640
188205
141989
123243
178867
175998
182786
189933
220749
158945
142546
149664
194497
163461
171271
