22322
22466
19530
21103
20008
18814
18548
17380
19141
28983
15861
17058
17027
16097
16000
16272
16865
16334
16338
16189
18329
17635
16167
16740
16214
16050
17869
16532
16121
16531
15766
29092
15881
20559
15984
17144
16409
16048
15770
17472
16225
18842
17845
18728
16191
16760
16097
15673
18368
16798
17046
16085
15982
15959
15822
16011
16270
16120
18243
16546
16107
16394
34233
17136
33992
17023
17463
16026
17038
16347
29799
16278
16821
17267
18039
17464
17481
15834
16075
16853
16696
17615
16299
16506
16501
17097
15935
16271
15585
17103
16826
18348
16501
18138
15800
16026
15772
16368
17496
16546
15845
15877
16109
17655
16131
21620
17450
15858
16753
16349
17062
16652
17662
16661
16281
16125
16800
16477
26450
17653
16073
16547
16010
16344
18599
16779
15618
15963
17493
17271
17510
17290
233952
15907
16843
17672
15905
15854
16679
15902
15994
19119
19830
15866
16538
15584
15819
16079
15839
16794
15811
18725
16361
16301
16416
16151
16099
17366
16425
16141
16175
16028
15971
16043
18012
18458
16431
16496
16235
16471
16983
15975
16979
20959
16337
16239
16454
16045
17027
17105
15602
17527
30264
16192
16444
16674
16091
15764
16666
16779
15980
16787
17970
16301
16631
16502
16112
17006
15948
16518
16172
16367
16233
17282
16350
15939
15570
18516
16471
15891
23363
16724
15789
27272
16114
17675
16223
17064
17305
16136
17864
28755
15989
18338
16734
18252
16526
31697
16530
16072
15851
16692
21519
16528
16674
16474
15566
16091
16902
16929
16024
16950
16996
17704
16986
16426
19267
16525
15741
16335
17287
24789
16340
16254
17217
16944
29151
17553
17364
16169
16980
16412
18684
16515
16980
17507
17735
20509
16425
17082
16464
16084
27914
16822
16985
21926
16945
17001
16575
17436
16389
16196
17742
17642
16148
15862
16712
16448
16390
16769
17303
16506
20384
17061
16622
16494
16011
15967
16174
19245
20155
18277
17264
16976
15795
17255
16814
16292
16025
16911
18406
16246
15872
17774
15889
17083
15992
28146
16654
16949
15758
16413
16632
17191
16268
18588
16700
15928
16580
17858
15922
33152
17192
17701
17269
16850
16261
17331
17896
16142
16468
16174
16123
19586
17999
18435
16270
16536
15995
15970
15966
19204
16548
16160
29098
16203
18987
15846
30929
16270
16106
16222
15787
16354
16222
16113
16359
16071
16466
15657
16237
16339
16375
16027
16928
16759
15853
16541
15687
16315
16730
16587
16834
33015
16613
16826
16642
16537
17810
17212
20299
17665
16304
16145
16603
16358
19145
17157
17068
17357
16741
18806
17319
49763
17790
15868
16187
17184
15807
16747
16793
16409
17031
16420
16060
33453
16247
16083
17422
18453
16035
16248
17002
17531
20391
21560
17472
16272
16259
16686
15800
18170
16251
15998
16650
16059
16828
17026
16654
16233
15900
15901
15570
16066
16689
16172
16367
17746
17907
15919
16825
16142
16173
16560
33502
50931
16664
18484
16980
16207
16634
16323
17197
16054
16260
16067
31325
17496
16564
16449
16791
16316
16674
16143
16284
16795
17158
18130
17264
16011
29028
32352
16486
20595
19187
20388
16562
16179
16133
17756
16209
17002
16131
15728
16206
15911
31463
17675
17376
16222
15856
17278
15984
15930
15919
16881
19444
16755
15858
16269
17476
17097
18536
17185
16042
15746
18216
17443
18064
17168
17100
15677
16357
16592
16641
18763
17652
17434
17283
16192
16946
16478
16318
16571
16055
16264
17088
17036
17097
17775
17044
16251
23932
17812
17080
32948
16048
16071
19703
16253
17366
16157
16743
16971
18028
16229
16532
16952
18191
16839
16026
16211
17060
17217
16313
17158
22181
21944
17442
16640
15432
16863
16700
16578
16961
17981
16958
17553
15964
17442
17925
16986
16917
17338
17577
17102
18675
16766
18232
16292
16910
17164
18041
24089
20768
16015
18642
16065
17668
17368
16665
16987
16782
17687
16433
16745
17242
23320
31312
16326
15952
18243
16948
20094
17222
16952
17640
15816
17234
17148
17141
22230
17034
16738
17322
16614
21349
17164
17537
16727
17748
16355
17627
17110
16248
17567
15205
28667
17015
16962
17471
33544
16732
17942
18962
16705
16010
17045
18459
17507
19254
16380
15989
16031
18217
15543
16468
16764
16896
23801
16679
18118
17709
15996
16870
30780
16552
16047
16220
15961
17111
16991
17010
17288
16487
92465
17266
16102
16747
16384
15780
18673
15768
17909
16731
17893
16622
18258
15996
17610
16814
17934
16484
19211
17979
15767
126482
18240
16835
17270
16235
16773
17146
16916
16995
17622
18156
17833
18287
20322
18741
20494
18170
17991
17748
16637
23924
18776
16974
16757
16266
16438
15594
16491
17202
16811
29917
15694
16407
17643
16149
16226
19034
16827
30000
15944
16015
16744
17623
18856
16959
16178
16655
17330
23184
17492
32554
24546
15973
16291
17189
17923
18000
17665
17299
17412
18099
16803
16657
17596
16075
16321
15825
16139
20482
16269
17422
16729
30300
16025
20594
16343
16790
16366
16637
19555
15799
16415
16104
16236
16293
17414
16452
16317
15803
16396
16097
16065
17082
16468
18422
16404
16409
16442
16054
16249
16502
18836
15778
17200
16955
16483
18204
16489
27558
16917
16058
15854
17032
15973
16571
16589
16370
15956
17778
16323
16339
53258
17198
16624
19520
16145
16341
20192
16885
17936
16343
16154
15970
16397
17018
16717
17733
16154
18052
17128
17853
16171
16240
15768
16964
17372
16351
16513
18095
17133
16382
16108
25848
16760
16985
16272
15795
16898
16347
16557
16304
15943
17163
16153
16053
16062
16189
16019
17016
16639
17872
15882
16899
16101
16172
15981
16441
16104
18182
15934
16372
17233
16659
16448
95325
16130
16560
16209
16488
16118
16209
16461
16461
16601
15963
17141
16636
17124
16072
16651
17266
15939
16917
17552
15962
16383
16212
17232
17667
22162
16280
18680
15913
15968
16593
16101
16136
16563
16644
16512
16040
16291
16528
16423
17373
17207
17530
16584
17950
31338
16687
19165
16346
16791
17921
17051
15933
17569
17537
16329
16935
17921
15121
17545
31927
15906
16154
16528
16331
16312
15983
16877
16038
16212
15876
20455
17433
16492
16676
15918
16013
16449
16121
15863
16703
17977
16525
16123
15862
16034
16312
15992
16121
16722
16049
17092
16431
17693
16115
16258
16335
16979
19071
17262
19622
18003
16329
16802
17039
15633
17572
15956
16060
18923
16192
17327
15856
16226
16641
17394
15999
15888
15711
16283
