3352
3416
3242
3626
3440
3517
3458
3277
3323
3375
3249
3526
3365
3583
3436
3518
3646
3357
3358
3401
7815
3373
4342
3514
3407
6347
3445
3506
3486
3703
3353
3361
3386
3333
3426
3560
3419
3437
3426
4674
3397
3543
3383
3285
3509
3486
3368
3412
3466
3504
3343
7192
10682
3468
3393
6561
3462
3356
3397
3386
3463
3365
3343
3334
3465
3489
3889
3470
3619
3425
3413
3406
3370
3455
3578
3555
3639
3439
3733
10975
3634
3439
3357
3504
3334
3509
3330
3426
3435
3595
3471
3586
3330
3370
3406
3325
3685
3307
3512
3572
3393
3322
3350
3324
3453
3453
3406
3576
3326
3430
3492
3417
3596
3539
3410
3453
3462
3498
3407
3369
3376
3258
3444
3814
3417
3555
7819
3541
3433
3398
3443
3438
3409
3764
3488
5250
3643
3549
4352
3353
4667
3405
3484
3593
3372
3544
3353
3444
3396
8287
3555
3535
3530
3590
3842
3715
3498
3583
3561
5397
4000
3481
3541
3467
3392
3597
3513
4719
3489
3465
3743
3452
3405
3396
3443
7085
3445
3660
3472
3500
3550
3266
6305
3406
3406
3467
3442
3478
3485
7699
3405
3352
3410
3507
3590
3489
3497
3534
3597
3650
3548
3371
3457
3521
3427
3471
3446
4417
3491
3401
3426
5041
3621
3543
3508
3631
3513
5325
3485
3415
3378
3456
3426
7598
3482
3500
3506
3725
3506
3398
3400
3454
3336
3352
3486
3555
3691
3536
3493
3536
3491
3415
3450
3437
4789
3411
3437
3551
3500
3761
3672
3629
3500
3570
3484
3438
3395
3427
3629
3416
3553
3458
3669
3496
3469
3507
3487
3569
3522
3388
3481
3648
3507
3526
3379
3569
3446
3480
6574
3422
3602
3594
4131
3595
3525
3733
3508
3432
3496
3462
3810
3383
3433
3388
3878
3433
3887
3381
3592
3468
3427
3418
3526
3437
3384
6510
3680
3438
8216
4619
1707079
134484
3885
3539
3555
3801
3697
3740
3533
3391
3539
3427
4178
3462
3426
4348
3416
3510
3434
3408
3476
3507
3443
3251
3447
3552
3456
3412
6976
3457
3451
3587
4050
3830
3535
3273
3614
3299
3245
3350
3473
3501
3483
3369
3500
3328
3366
3706
3323
3457
3299
3280
3480
3421
3448
3473
3342
3239
3385
3357
3501
3448
3422
3441
3423
3438
3516
3318
3295
3383
3351
3271
3476
3316
3447
3320
3385
3488
3547
3453
7237
3383
3338
3422
4186
3476
3519
3462
3381
9354
3329
3308
3411
3384
3396
3486
3363
3736
3655
3581
3433
3445
5170
3447
3524
3369
3340
3301
3331
3518
3505
3529
3372
3342
3636
3456
3548
5563
3458
3530
3521
3494
7429
3668
3478
3292
3302
3506
3373
3713
3464
3386
3490
3398
3379
3332
3477
3516
3569
5755
3781
3640
3362
3310
3532
3493
3273
3323
3312
3447
3498
3602
4349
4999
3380
3596
3528
3470
5266
3440
3436
3757
3550
3553
3438
3430
3519
3258
3398
3438
3568
3438
5422
3372
3424
3443
3465
3431
3585
3334
3443
3554
3543
3505
3595
3766
3272
3333
3544
3486
3498
3519
3539
3421
3447
3537
3348
3448
3453
3435
3558
3390
3314
3533
3391
3382
3414
3370
3377
3383
3381
3420
3498
3419
3512
3549
3848
3558
4976
4587
3432
3484
3428
3380
3495
3444
3475
3788
3594
7062
3533
3388
3476
3507
3462
3411
3526
3349
3375
3469
3486
3842
3459
4790
3392
3357
4919
4036
3473
3468
3471
3346
3349
3554
3543
3489
3498
4560
3483
5151
4469
3483
3409
3695
3315
3329
3325
3479
3562
3388
6471
3381
3256
3243
3353
3402
3283
3475
3392
3777
3466
3318
7801
3786
3339
3376
3403
3484
3531
3519
3445
3456
3601
6280
3260
3405
3370
3524
3461
3355
4281
3433
3362
3504
3635
3474
3373
3502
3311
3476
3328
3521
4159
3211
3396
3402
3543
3446
3372
3411
3842
3536
7860
3484
3551
3319
3341
3355
3301
3482
3541
3529
3436
3473
3475
3593
3434
3467
3292
3376
3401
3313
3488
3545
3893
3272
3332
3479
3411
7713
3411
3370
3478
3365
3402
5035
3500
9553
3445
3507
5713
3516
3500
3601
3419
3518
3528
4170
3671
3588
3455
3533
3554
3578
3439
3355
3433
3470
3627
3404
3318
3433
3481
3441
3527
3431
3327
3359
3282
3391
3516
3404
3506
3632
7024
3383
3670
3435
3411
3370
3491
3522
3444
3379
3464
3404
3498
5198
3715
3800
3722
3314
3549
3448
3329
3376
3369
3298
3393
3645
3511
3449
3521
3487
3477
3291
3778
3366
3589
3413
3377
3358
3583
3611
3487
3444
3322
3410
3476
3614
3526
3422
3514
3453
3309
3443
3441
3226
3330
3465
3325
3556
3521
3323
3477
3342
3936
3327
3354
3469
3473
4620
3719
3456
3383
3341
3321
3537
3459
3464
3406
5636
3934
3616
3458
3815
3459
3277
3461
3367
3372
3455
3285
6685
3540
3400
3425
9476
3354
3870
7494
3599
3539
3522
3620
3785
4853
3647
3557
3474
3531
3343
3582
3401
3519
3501
3862
3410
3268
3454
3420
4342
3407
3556
3591
3690
3982
3409
3421
3407
3486
3550
3518
3384
3469
5437
3387
3410
3351
3381
3318
3392
3573
3459
3537
3576
3390
3324
3411
3452
3444
3321
3527
3513
3790
3611
3744
3565
3670
3488
3229
3382
3319
3369
3258
3424
3423
3377
3639
3421
3457
3524
3473
3378
3385
3419
3399
3484
3434
3349
3348
3428
4403
3772
3601
4092
3545
3617
8867
3649
3332
3426
3489
3464
3319
3274
3597
3236
3585
3712
3842
3446
3560
3510
3429
7207
3391
3438
3411
3481
3472
3373
3408
3512
3502
3618
5371
3524
3431
3584
3430
3597
3394
3672
3378
3504
3595
4950
3392
3296
3470
3537
3633
8501
3649
3391
3400
3571
3475
3390
3407
3419
3517
5435
3478
3416
3356
3347
3388
3538
3557
3505
3492
3439
3449
3526
3532
3281
3565
3274
3287
3696
3490
3413
3409
3603
3307
3468
3381
3399
3374
3396
4712
3275
3377
4757
3449
3675
3473
3575
3440
3497
3312
3318
3549
3528
3441
3422
3600
3575
3995
4038
3638
3460
3420
3559
3416
3401
3620
3621
