8394
8448
8282
8473
7917
12591
8330
8395
8501
8168
8143
8470
8539
8358
8081
8228
7966
8570
8504
8208
8151
8491
8142
8302
8370
7896
7985
8191
7885
7931
8246
8000
8238
8099
8439
8356
8480
8362
8633
8157
8099
8612
8233
8062
8387
8055
7961
8457
8220
8181
8031
8511
8553
8232
8041
8095
7952
8479
8287
8245
8208
8177
8439
8155
8191
8363
8382
8270
8589
8081
8184
7899
8135
8320
8655
8483
8327
8363
8285
8426
8477
8453
17891
11005
8294
8732
7802
8122
8073
8312
8108
8301
8312
8448
8221
8802
20226
8387
8374
8142
8213
8162
8116
8180
8324
8370
8248
8288
87783
8057
8336
8439
8248
8220
8617
8266
8133
8433
8179
8474
8103
8407
8157
8192
8094
8205
7964
8421
8178
8213
8406
7926
8128
8165
8234
8088
24219
8331
8107
9490
8585
8407
7995
7938
8162
7993
8188
7938
7869
8445
8139
8318
8163
8248
8230
8214
8280
8356
17570
8064
8069
8164
8149
8658
10208
8225
7966
8076
8246
8248
8162
8341
8211
8159
8302
8187
8430
8188
11381
8500
8112
8071
8604
17453
8404
8293
8340
8350
8393
21635
7850
8191
8180
7821
7935
16102
8543
8204
8313
8221
8028
7894
7988
10446
8112
8385
8280
8244
8131
7921
8206
8156
8268
8395
8374
8362
8206
8233
8171
8537
8201
8485
8246
8109
8118
8144
8335
8407
8501
8220
8276
8473
7939
7967
8149
8117
8190
8246
8438
8337
8196
8102
8189
8020
8513
12750
10478
8354
8338
8402
9067
8409
9063
8362
8197
7950
8153
7946
8213
17164
8203
8528
8603
7995
7965
8400
8377
8351
8204
8349
8182
8403
8285
8147
12649
8140
8177
8123
8332
14330
8135
8499
8127
8023
8336
8351
8454
8601
8610
8252
8190
8346
8454
8199
8363
8151
8371
8163
8283
8262
8218
8401
8452
8379
8357
8282
8384
10936
8476
8117
8156
9990
8355
8357
8092
8207
8158
18786
8356
8693
8506
8352
8544
8564
8123
8163
8270
8961
8298
8361
8452
8627
8690
8332
8249
8399
8185
8084
8256
8311
8084
8093
8445
8469
8445
8514
8366
8144
8402
9671
8288
8024
8433
8454
8715
8333
8378
11700
8228
8307
8247
8167
8420
8109
8266
8131
8441
8428
8161
17925
8446
8380
8501
8655
8730
8646
8455
8409
8333
12507
8420
8173
8318
8025
8290
8244
8074
8382
8413
8192
8762
9202
11842
8418
20403
8221
8215
8605
11457
8513
8707
8440
8349
8644
8239
8325
8364
8130
8398
8306
8281
8324
8163
8284
8157
8156
8265
8242
8113
8552
8394
11019
8460
8247
8479
8430
8197
8466
9257
8374
8082
8157
8581
8049
8370
8128
8149
8382
8371
9087
8500
8678
8398
21095
8523
8231
8988
8631
8363
14227
8938
8702
8559
8538
8669
8449
8471
10705
8423
26985
8238
8384
8201
8431
8439
8401
8430
8485
8366
8202
8270
8166
8085
8413
8491
7950
8211
7922
8168
8313
8781
8218
8432
8242
8313
8163
8309
8125
8373
8220
8536
8073
8328
8215
8117
8265
8405
8190
8000
8058
8376
8192
8331
8348
8503
8173
8195
8435
8331
10103
8535
7879
7872
8227
8395
8095
8261
8193
8354
8348
8412
8188
8170
8158
7932
7917
8217
8211
8159
8277
8313
7871
13476
8310
10939
8338
8176
8427
8228
8322
8144
8057
8207
8051
7936
8066
7970
8221
8179
8962
10834
8135
8276
9304
8482
8283
8062
7972
8113
8096
8349
9880
8193
8160
8265
8107
7917
8107
8270
7857
8331
8426
8519
8427
8155
8442
13820
8448
8146
7902
8172
8147
8351
8470
8262
8419
8487
8139
8185
10957
7836
9353
8377
8291
8224
8368
8419
7967
8036
8107
8386
8212
7903
12679
12399
9992
8395
8220
8416
8164
8029
8190
8158
8135
8614
8285
8071
8320
8314
7912
8069
8110
12676
8258
8287
8426
8256
8136
8152
8126
8361
8189
7949
8363
8238
10675
8436
8108
18617
8116
12185
8202
8137
7979
8103
8439
11670
8154
8467
89322
8340
7977
7920
8290
8379
8277
8264
8297
8044
8412
8187
8685
8117
7791
8305
8544
8345
8087
8387
8246
8324
8223
8036
8138
8030
8346
8134
7829
7893
8174
7908
8026
8104
8251
7844
8102
8165
8213
8448
8178
8246
8398
8236
7866
8289
12419
8299
8178
8308
8339
8373
9488
8161
8797
8178
8049
8667
8176
8058
7890
8242
7842
8199
8093
8121
7953
7938
7928
7895
7819
18129
8189
8214
8066
8229
8329
8280
8301
8450
8335
7971
7705
16014
7743
8048
8138
8175
7965
7952
8077
7963
7927
7920
12189
8119
8186
8113
8010
8314
8152
8220
8452
8090
8369
8214
8075
7906
8344
8466
8306
8125
8198
8186
7947
8059
8108
8226
8127
8209
8275
8359
8260
8120
8157
8096
8006
8236
8160
8208
8342
8377
7991
8402
8371
8477
27044
8165
7940
7838
17866
7943
8147
8301
8114
8238
8044
8140
8429
8308
8583
8457
7883
8628
8323
8481
8236
8193
8058
8348
8043
8394
8124
8452
8242
8321
8321
8115
8136
8149
8094
8136
9114
11784
8323
8468
8339
21769
8331
8477
8260
8099
17887
7833
8010
8065
20167
8425
8477
8129
8138
8568
10355
8556
8512
8167
8072
8409
8587
8024
8349
8096
8189
8345
8346
8271
8248
8417
8385
8290
8516
8395
8221
8229
8083
8020
8022
7958
8291
8104
20816
8305
8132
8097
8388
8190
8096
8140
9340
8637
8201
8315
8230
7921
8008
8146
8164
8450
8179
8094
8204
8237
8517
8158
8312
7908
8199
8224
8239
8584
10904
8239
8348
26988
8284
8334
8175
7887
7990
26262
7971
8139
8066
8387
8149
8210
8166
8267
7863
8247
8051
8349
8159
8184
8289
8365
19634
8085
7967
8201
7980
8034
8371
8221
8324
8187
8167
8230
8179
8087
8029
8259
8220
8085
8365
8168
8320
8190
8200
8069
8372
7850
8197
8134
8066
8150
7898
8402
8235
8377
18596
8108
8297
7998
8117
7970
8141
8236
8181
8186
8035
7918
7871
8237
8355
8602
8103
8349
8095
8330
8006
8106
8567
8699
8251
8137
8359
8457
8093
8216
11123
8339
8367
8181
8190
8184
8066
8098
8156
8357
8085
