4594
6905
4413
4333
4409
4507
4598
4740
4588
13387
4542
4438
4325
4807
4324
4322
4555
10329
5904
4332
4538
4480
4486
6920
4543
5833
4488
4308
4307
4390
4520
7673
4517
4365
4453
4370
4432
4468
4721
4522
4613
4514
4538
4500
4315
4400
4482
4415
4345
10405
4406
4410
4365
4605
4297
4458
4399
4598
4528
4615
4399
4574
4529
4305
8413
4317
4632
4447
4640
4603
4459
4420
4439
4376
4321
4898
4447
4657
4528
5042
4389
4385
4453
4675
4538
4360
4351
4811
10093
4507
4558
4561
4548
7932
4401
4602
4365
4516
4552
4306
4894
4487
4353
4456
4451
4408
4453
4550
4714
4484
4705
5962
4645
4438
5572
4475
4556
4425
4387
5748
4346
4490
4419
4520
4335
4486
4461
4533
4491
4738
8764
4968
8759
4436
4463
4372
4493
4440
4665
4431
4737
4396
4387
4497
4482
4508
4489
4566
5530
4472
4552
4702
7100
4515
4642
4508
4618
4343
4378
4654
4597
4472
4441
6293
7415
4887
4538
4630
4470
4665
4562
10722
4733
4720
4990
4654
4563
4485
4564
4553
4486
4508
4490
4940
4525
4450
4213
4377
4295
4350
4238
4463
4454
4259
10755
4356
4359
4539
4743
4455
4343
4948
5197
4209
4721
4371
4341
4308
4318
4364
4550
4235
4376
4208
4343
4419
4472
4339
4471
4640
4209
4248
4163
5100
4317
5269
4337
4538
4407
4327
4471
4327
4257
4273
6601
4403
4459
4417
5068
6468
9796
4145
4360
4246
4465
4272
4442
4422
4420
4582
4408
4322
4343
4226
4477
4221
4442
4639
4504
4373
4462
5174
4954
4379
4276
4304
4781
4389
4505
4226
4260
11502
4283
4286
4244
4406
4400
4598
4455
4500
4511
10096
4423
5269
4389
9630
4834
4271
4296
4444
4436
4478
4339
4446
9210
4563
4434
4456
4446
4537
4360
4366
4361
4354
4406
4506
4329
4751
4575
4433
4289
4241
4145
4170
4528
4411
4795
4493
4394
4530
4404
4318
4221
4413
4471
4413
4518
4525
4417
4509
4712
4883
4689
4502
4427
4485
4317
4327
4202
4427
4356
4364
4443
4467
4479
4389
4230
4421
7399
4333
4538
4283
4257
4203
4300
4201
4475
4493
4588
4456
4596
4411
4260
4376
4487
4367
4484
4339
4533
4516
5533
4221
4417
4248
4291
5574
4953
4243
4258
4350
4282
4257
4303
4712
4592
4359
4429
4301
4474
4365
4410
4748
4429
4323
4492
4209
4429
4493
4476
12418
4456
4306
4293
4516
6585
10879
4490
4546
4465
4488
4461
4549
4475
4246
4361
4247
4457
4556
4320
4570
4568
4350
4407
4375
4437
4409
4209
4528
4252
4371
4277
4563
4361
4478
4605
4768
4356
4458
4329
4431
4304
5909
4588
4407
4324
4458
4356
4535
4414
4345
4631
4499
4269
4268
4348
4368
9315
4392
4231
4537
12041
4522
4382
4336
4319
4523
4406
4453
4527
4235
4344
4417
5891
4419
4464
4387
4554
4451
4413
4416
4202
4305
4236
4318
4341
4284
4422
4393
4463
4465
4408
4574
5647
4349
4533
4211
4319
4524
4455
4566
4447
4320
4475
4549
4208
4264
4560
4509
4323
4616
4442
4790
4459
4588
4629
4511
4384
4481
4273
9437
5048
5601
4048
3970
3920
4463
3991
4089
3809
4015
4294
4015
4095
4318
4054
4151
4150
4206
4118
4142
4329
4129
4360
4236
4216
4274
4546
4557
4479
4409
4302
4312
4254
4517
4405
4229
4384
4472
4420
4320
4293
4385
4435
4504
4213
4516
4329
4417
4451
4201
8963
4176
4448
4356
4400
4313
5215
5666
4709
4406
4377
4303
4556
4246
4377
4216
4416
4424
4435
4532
4438
4940
4222
4323
4315
4250
4356
4238
4216
4277
4362
4321
4349
4416
4904
4685
5511
4428
4584
4439
4231
4341
4430
4428
4376
4406
4522
4620
4375
4525
4384
4382
4422
4309
4226
4422
4434
4502
4848
4219
4179
4488
4559
4402
4449
4307
4331
4290
4502
4429
4415
4487
4297
4222
4292
4343
4211
4393
4370
4362
4326
4398
4409
4634
4577
8619
4567
4806
11034
4428
4403
4376
4251
4480
4407
4479
4424
4507
4445
4292
4373
4411
4462
4352
4400
4299
4447
4491
4327
4359
4297
4267
5377
4254
4321
5661
4513
4415
4394
4175
4257
4583
7028
5104
4378
4406
4267
4311
4547
4439
4550
4429
9639
6926
4549
4583
4330
4521
4399
4235
4252
4620
4611
4590
4540
4577
4430
4264
4419
4408
4322
4390
4283
4340
5843
4254
4422
4339
4451
4492
4513
4343
4386
4703
8937
4314
4481
4399
4538
4363
4387
4920
5891
4467
4615
4404
4503
4443
4477
4621
4339
4471
4375
4424
4513
4299
4448
4362
4428
4633
4434
4548
4251
4315
4282
4402
4386
5912
5195
4769
4413
4441
4181
4262
4593
4248
4313
4273
6032
11408
4526
4299
4492
4342
4317
4416
4370
4530
4523
4434
4489
4325
4269
4051
4283
4217
4434
4370
7627
4275
4230
4298
4304
4287
4384
4692
4512
4454
4446
4961
4582
4236
4231
4431
4625
6367
11893
4354
4403
4269
4374
4536
4388
4344
4535
4380
4413
4520
4575
4209
4325
4663
4494
4329
4505
4513
4334
4615
4444
4513
4638
4462
4513
6454
4339
4512
4514
4652
4497
4350
4504
4497
4628
4444
4404
4439
4769
4321
6796
4397
4309
4624
4398
4276
4477
4648
4693
4340
4370
4275
4522
4266
4728
4452
4393
4314
4809
4463
6032
4608
4757
4450
4484
4252
4355
4404
4369
4551
4426
10407
4542
4538
4367
4567
4588
4569
4383
4587
4441
4601
4409
6352
4336
4461
4395
4422
9258
4384
4700
4564
6551
4746
4684
4433
4585
4530
4413
4303
4424
4528
4353
4606
6553
4284
4455
4282
4443
4656
4476
4674
4554
4526
4581
4390
4538
4429
4746
4443
4506
4595
4526
4510
4584
4618
4636
4439
4542
4615
4509
4397
4389
4460
4496
4371
4475
4378
4406
4442
4341
4459
4499
5944
4740
4733
4503
4419
4249
4418
4481
4571
4518
5482
4515
4390
7978
4665
4385
4485
4363
4561
4375
4295
4284
4385
4435
4535
4496
4344
4373
4488
4454
4319
6415
4426
4599
4727
8984
4487
4383
7421
