132707
104426
142994
108117
108743
107481
124371
107447
143812
101321
130091
145389
108783
104881
98716
130603
130838
105518
130740
104596
131373
105298
154319
105374
155106
106669
127471
130921
130436
101084
109346
133666
127711
119975
120440
144988
101263
106705
133513
104272
108802
122544
128763
124925
107787
129438
105126
105057
103753
103727
121860
230825
125587
102353
100989
129608
130512
128091
105173
105385
130187
131535
131549
105629
244043
143688
134727
128942
140080
128959
130196
102967
131752
133098
128128
101890
110337
100837
101870
102465
129871
108712
124966
108456
108542
132909
110795
102333
100364
130367
106424
108252
150208
132225
129314
116641
132367
131025
130457
131406
128744
154862
128735
104467
108067
128026
145916
107342
105032
141750
108706
164693
171614
136892
134154
105589
137280
148643
111941
102012
101502
128594
129381
132514
100616
99166
163389
114261
137447
122850
111782
134018
111144
103812
110099
101797
130006
146897
137491
104990
200185
134737
118555
124264
136671
131476
142690
110010
110470
135261
116472
146519
102819
130062
115867
100397
99838
137981
101608
128609
98608
130244
100710
167008
102692
126575
101971
102810
128656
113568
931681
110220
187838
99076
122368
105195
104397
102549
106373
97141
101359
128306
104475
101723
102069
132364
132304
130491
108564
147823
140227
103612
110208
111908
251058
132277
123736
105581
131982
104088
116161
114966
108415
109147
129069
130144
104717
130338
131694
107526
105248
128586
144275
128509
127775
159121
129467
101289
121472
116402
111352
129143
130183
154887
141584
116621
112281
126308
147245
95182
118023
125034
99342
101743
97230
159339
103145
162571
123660
92322
99184
119792
95904
120400
129764
125754
188984
108908
122744
122011
109021
178772
132761
100679
125026
99314
99438
101966
107515
114461
130382
101100
131890
132374
103457
127984
102043
99420
128594
123138
128663
122304
111068
101133
129339
153022
107899
130074
103490
202502
132024
107505
130089
134291
121534
129036
107285
134603
134858
123699
106236
103777
128998
130834
129305
133090
126449
100840
143678
112650
166260
128176
126339
115943
147428
134885
101978
108469
134184
109366
102031
124264
134213
109028
198203
107636
125200
108453
123688
133805
141500
107666
103464
104958
132803
101359
102656
110096
121987
133246
118838
104034
103886
216838
117323
113768
110095
137170
108697
105071
104026
225916
108287
107375
139946
132375
167367
133331
118144
178751
127638
109014
114974
112557
135728
133243
165207
153181
103474
116313
110742
136527
135684
135232
105374
220455
109250
132188
111940
134102
109834
131916
108065
104903
148155
153107
168727
119407
111794
125007
102770
116708
98585
98260
124409
103188
116430
99904
132934
125558
201233
124661
103488
138801
129092
124306
102830
129392
124750
121508
128848
131655
104404
142621
164721
128403
107248
131054
158743
129429
111948
121129
120534
101054
206750
109550
315249
178757
108268
119303
112736
112044
105662
136296
255552
145380
103822
104432
103893
119484
131101
109616
133963
141994
111360
143939
104134
132669
133184
136086
124746
139268
104911
103766
103163
113497
103447
130960
129742
107272
104768
134033
190343
105805
110425
108430
150463
140238
136242
106546
105537
205553
108876
129368
150482
113298
113928
140602
142834
120210
107737
103660
129654
103083
143220
226826
139148
134471
140151
109951
117903
136932
134121
103640
134501
139529
104549
116195
108814
109250
110816
137159
104773
132841
109144
111672
139848
111567
116091
102607
245163
212366
210619
180386
114597
132791
144687
105626
139218
138716
117496
106818
104885
135008
138655
138243
111427
110636
103069
135723
119603
106121
171465
114985
161657
138587
113326
132176
128718
128689
101378
127285
128400
109983
116680
107424
109396
109920
133478
109321
119464
134630
100667
128525
102930
109522
118507
123873
107485
102349
127047
104160
119745
103920
115091
113538
110170
107374
133569
104989
100432
115684
100330
105176
127188
103810
116862
129729
134967
130346
101790
101684
134205
107786
105316
108167
118311
104943
124317
104917
108267
104478
147442
121610
117095
109054
106026
104460
135989
192009
130126
155429
163311
105900
101822
107495
104694
144198
114214
103094
134598
131916
120780
122976
138446
105902
99804
129867
103115
107858
100437
97340
126693
109107
100366
106460
132528
140632
130501
105901
104614
130354
107480
119209
127191
105073
106091
130963
129165
109288
103390
103938
115167
133701
112930
133156
101350
138033
109292
130543
106382
106136
140902
111191
103584
104232
104172
135929
138334
132557
131389
118727
129174
125151
101758
101495
137345
133578
109588
108505
119933
104701
134323
135328
132875
104442
107249
134916
104063
109463
122411
119255
133171
128986
139966
109036
103219
110095
125316
102928
164857
135577
103080
133779
105769
129045
130261
128370
119648
114412
184337
130563
126582
129159
129614
130768
128275
106011
118792
108403
106880
123947
106734
143011
103770
115610
130851
131261
133459
107183
106685
129011
128923
100658
106007
118420
117137
105395
107168
102671
129393
127944
105254
100626
240288
130743
109355
109099
141077
131431
130089
108761
105972
106233
129214
107980
133457
110622
108279
130693
122701
105030
111262
130112
115462
136026
135439
105451
135561
131189
105838
132102
106856
113681
105582
150999
103232
103704
103238
102519
133573
127736
129879
140548
128775
104832
129251
106563
107447
135807
129693
110676
107626
137422
105984
201890
103879
131487
129856
129563
125134
130133
105110
107156
114535
104011
107052
148592
109622
109816
120909
132375
120146
109470
129235
115942
118257
132686
149242
102293
104526
103742
133962
108592
105032
105139
127906
104717
133250
107377
133990
108889
140862
127456
137227
106174
105101
122467
110331
105419
133820
130928
109341
109915
136063
106636
138834
135068
106638
115896
108441
108542
108561
133559
103556
104223
134476
107061
156290
132476
112059
127260
117578
111866
122807
105426
111621
104151
129643
103816
152427
115960
108067
103485
106974
111002
136052
102277
126945
137690
121874
109853
131389
104924
103121
106141
106192
218019
135956
104897
109444
115994
130427
112555
109148
135690
150465
379530
102635
109203
111131
119273
105020
104243
134224
158090
110512
106066
134725
128322
131449
101781
108545
133276
142405
136167
107250
101666
129332
107306
171630
106067
129572
105299
131399
100268
130284
104651
123329
132515
121620
146033
143646
130639
105743
106434
129824
131746
100651
103924
127987
123791
112065
127072
108492
107455
109655
133545
105663
101071
108572
133727
107665
135364
113798
104813
105406
111546
112299
105844
137289
139773
100720
127675
130566
115429
100184
135386
115315
129617
100583
141716
130342
120241
109493
130633
100487
133375
130903
114925
137077
102403
130851
114371
99560
101285
99720
128891
136652
121267
112075
155741
132454
103322
135096
109854
105347
109516
136041
129403
109682
116634
107990
120591
110823
108483
109919
112926
117843
208803
137408
121713
114888
106092
115428
140964
125534
141505
105085
105323
