9160
9167
9285
9274
9040
9288
9022
9104
8824
8919
9299
9341
9085
9103
8774
9392
9128
9078
9167
9466
9719
8756
8819
8981
9089
8937
8898
8999
9375
9356
9549
9422
8981
9285
9129
9132
8973
9051
9057
9084
20846
8867
8856
9038
9064
9076
16566
9169
9279
9339
9291
9273
9180
21422
9246
9125
9259
9383
9434
9547
9789
9375
9053
9394
9306
8864
8850
9140
9175
8964
9381
9357
9059
9151
9300
9200
8855
8905
9113
8838
20688
9490
9626
9175
9608
9729
9709
8849
8834
8859
9145
9020
9015
8755
9103
8838
8950
20326
9184
9138
9397
16328
9235
9171
9313
9010
9082
9131
9510
11372
8861
9215
9167
9269
9105
9029
8827
8905
23049
9053
9319
9211
9341
21148
9083
9400
9009
22299
9498
9093
9112
9040
9154
9342
9295
9643
9145
9454
9008
9148
9418
9519
9356
9308
9354
9204
11888
9249
9342
9178
9043
9225
9210
9088
9278
9432
9098
9087
9977
9273
9456
9509
9881
9221
9430
9350
9107
9300
14241
9733
9480
9315
15387
9442
9354
9211
9400
9167
9120
9352
9483
9375
9110
9209
12813
10046
9515
9665
15255
9461
9308
8980
9207
9126
12337
9396
9350
9143
9199
9366
9330
9119
9132
9102
9098
9092
9232
9426
9037
9202
9242
12632
9812
9545
16026
9387
9310
9432
14235
15179
9131
9317
26237
52706
9071
9563
9469
9652
9649
9336
9236
9221
13241
9010
9106
9156
9325
9638
9279
9087
9301
9162
9158
9442
9134
9221
9328
9442
9387
9116
9234
11321
9360
9290
9599
9314
9383
9077
9196
9343
13831
9356
9604
9666
21300
9365
9089
9065
17604
9086
9298
9336
10282
9073
9188
9336
9441
9598
9096
8999
9414
9317
9093
9195
9563
9339
9118
9108
9328
9280
9570
9507
45705
9471
9531
9461
9361
9554
9651
9144
9336
9132
8893
22089
22267
9444
9392
9940
9603
9396
9592
9360
9920
9369
9591
9370
8993
9191
9309
9390
9334
9412
9371
9113
9081
9292
9373
9439
9058
9126
8888
9182
9610
9403
9359
9285
9276
8985
8790
9211
9001
8782
9152
16937
8979
9073
9127
9010
8954
8965
19470
9178
9159
9525
12968
9434
9762
9407
9175
9292
9352
9430
8971
9120
9339
8900
8903
9443
9425
9042
9153
9071
9117
8770
9012
9216
9063
9315
9040
9325
9101
9073
8955
12135
9262
9134
9234
8867
9080
9148
9102
9190
9105
9111
9319
9311
9294
9043
8871
8872
8783
8613
8825
8575
9085
8801
9306
8853
9152
8944
9074
8806
9152
9041
9060
9143
9110
9214
9234
9475
9189
9140
9452
9000
8933
8993
8922
9165
9367
9136
9157
9403
9374
9156
9154
8839
9372
9746
11893
12600
9062
9355
9173
9099
9324
9141
9399
8922
8881
10172
10093
9357
9315
9329
9121
9159
8822
9080
9098
9355
9376
12757
9935
12184
20441
9094
9339
9282
9137
9407
15849
8943
8915
9242
9082
9471
9114
9170
9060
9139
9442
9322
9371
9110
9161
9332
9056
11065
9130
9024
9006
9462
9320
26778
9756
9220
8935
9159
9229
8883
9273
9120
9373
8818
9083
9108
9344
9090
9380
9385
9216
9146
9240
9490
9291
9197
9182
9165
9104
15384
9344
10023
9903
9070
8877
9128
9062
9027
8730
9137
9344
9030
9078
8933
8803
9109
8837
8803
9251
9237
9286
9094
9278
9151
8996
9129
8989
8926
8812
8845
9576
9365
9380
8967
9102
9105
9132
9190
9170
9412
9351
9342
8887
9194
8816
8930
9903
9342
9491
9417
9296
9326
19721
13170
9520
9598
9325
9117
9087
9351
9759
9255
9114
9107
9017
9052
9081
8931
9053
9169
9207
9358
9322
11357
9177
9121
9192
9009
9093
9281
23372
10514
9137
9031
8988
9172
26351
9419
8956
8930
9005
8670
8834
9074
8912
9098
8806
9244
8769
8886
8898
9103
9034
9123
9392
9313
9329
9076
8936
8855
8893
9354
9252
9130
9078
9400
9371
9356
23867
9406
9390
8899
8886
8898
9102
9252
9141
9059
8963
9421
22180
8840
8922
8766
23425
9045
9392
9275
8980
9431
9276
9337
8853
8801
9171
9463
9079
12209
9290
9071
9458
8886
8817
9538
9376
9213
22481
9353
9450
9318
8785
8434
13433
9586
10274
9251
8839
8783
8744
9198
8841
9116
9081
9351
9323
9287
9051
9120
8990
9083
9351
9099
9329
9245
9623
9290
9401
9232
9374
9668
9169
9452
9596
9202
9045
9347
9021
8893
8858
9216
9360
10369
9365
9178
12137
9084
9111
9817
9364
8740
8978
8914
8837
10805
8897
8806
9152
9066
9106
9040
9338
9697
9568
9327
9401
20134
9394
9211
9381
9541
12059
9629
9195
9285
9083
9531
9443
9036
9287
9518
9128
9400
13301
9260
10575
8823
8917
8722
8786
9310
9141
9072
9213
9142
9107
9210
9093
9138
8944
9019
13467
9329
9210
8802
8845
9281
9234
9427
9391
9319
9445
8883
8928
9223
9153
9074
9431
9121
9401
9363
9203
9968
9229
9014
9176
9146
9149
9387
9419
9104
9382
9502
9083
9096
8863
8936
8979
9437
9280
9235
9440
9337
9043
9092
9029
8951
9160
9415
9469
9095
9128
9318
22559
9443
9411
9365
9355
9122
9221
9187
9124
89673
9174
8961
18474
9085
8848
9079
9131
9028
9235
9153
9310
9336
9167
9614
9067
9424
9048
9244
9485
9050
9424
9431
8998
9162
9200
9336
9110
9228
9749
8928
9084
8872
9408
9445
9356
8921
8795
8910
8805
8829
9253
9255
10588
9288
9103
9516
9324
9486
9350
9293
9102
9079
9375
10016
10919
12315
9247
20403
9399
9382
9349
9050
13610
10073
9286
9339
9162
8948
9100
15098
9057
9284
9233
9431
10755
9342
9132
9235
9284
9300
9334
9098
9089
9287
9084
9125
9426
9197
9177
9421
9031
9078
9094
9350
9314
9041
9091
9184
9049
9124
9374
9388
10706
9142
8862
9148
9210
9436
9311
9137
9468
9345
9552
9138
9034
8869
9210
9133
8829
9194
9191
9451
9463
9383
9128
9353
9384
9237
9098
9397
8866
8851
8895
9031
13940
9152
9173
9356
20666
9343
9295
9228
13585
9054
9000
9372
9402
9274
9320
9330
9511
9321
9051
9440
9137
9309
9094
21900
