4988
3771
5871
3557
4148
4654
6110
4010
3858
3524
4060
4019
4086
3866
3378
3703
3392
4232
4960
3711
3769
3879
3792
4356
4608
3794
3589
3477
3653
4090
3761
3750
3575
3683
4079
4258
5702
3550
3726
3574
3785
4023
5472
3913
3582
3507
3538
4933
4186
3665
3373
3474
3930
4014
4943
3603
3540
3612
3939
3660
3407
3469
4183
6195
4917
3894
3564
3595
69100
4198
3918
3616
3885
3440
3882
3947
3743
3536
3699
3620
3893
4826
3981
3822
3813
3639
21586
4605
3497
3896
4479
5746
6737
3608
3601
3744
3546
3863
4232
3844
3732
3525
3913
4088
3867
3514
3793
3834
6017
4590
3854
3687
3587
4582
5666
3707
4060
3795
3750
4093
3615
3674
3602
4185
5915
4050
3880
3920
3623
3564
3808
3914
3563
3361
3474
3799
3990
4456
3665
3559
3652
3697
3829
4464
3590
3863
3822
4923
4485
3680
3566
3807
3501
4039
3526
5807
3992
3505
4055
4240
3505
3758
4115
3712
3946
4372
3704
3657
3660
3487
4185
3793
3708
3225
3764
3675
4215
4162
3735
3626
4083
3844
3890
4303
23950
3378
4117
3477
3529
3975
4171
3885
3831
3664
3950
4384
4060
3525
3885
3608
3557
3956
4670
4425
3567
4450
3784
3342
5815
4487
3757
3805
3397
3672
4317
3583
3604
3734
3431
4292
3774
3689
3714
3756
4050
4719
3692
3474
3482
5218
4184
4639
5875
3406
3509
3895
5264
4112
3661
4977
3738
3579
4002
3800
5203
3732
3450
3866
3766
3903
3481
3538
3369
4276
3521
3883
3596
3494
4147
3951
3681
3774
3866
3764
4411
3582
3610
3469
5744
4315
3831
3436
3787
3328
3745
3895
4364
3487
3480
3490
3552
3579
5754
4766
3675
3600
3521
3746
4249
6208
3869
3542
3603
3657
6184
5997
3557
3685
3422
3573
3576
3918
4880
3689
3658
3402
3730
3773
4267
3725
3423
3676
3459
4366
4314
3702
3635
3547
5111
3689
4151
3752
3608
3550
3531
3349
5274
7930
3755
3469
3602
3660
6230
5305
3837
3766
3451
3589
5000
4253
3642
3430
3663
3466
3738
5773
3746
3526
3528
3460
3417
5357
5184
3680
3637
3707
3799
3623
4424
3453
4008
3768
3501
3826
3520
4116
4098
3480
3556
4133
3446
3791
3999
4152
3551
3570
3534
3371
3363
3868
4063
3536
3429
3581
3681
3553
3856
5457
3547
3601
3531
3784
3821
5320
4528
3851
3512
3667
3404
3549
3713
3804
4109
5119
3721
3499
3586
3587
3452
5284
4056
3666
3731
3536
3732
3732
3934
4475
3933
3734
3649
3879
4153
4138
3654
3660
3263
3575
5520
4125
3761
3601
3893
3679
4332
4510
3630
3520
3558
3601
4280
3903
3560
3529
3403
3841
4188
3735
3339
3607
3648
4211
4053
4119
4167
3765
3634
3577
3947
4739
3617
3628
3507
3506
3927
5547
4036
3479
3697
3591
4520
4100
3642
3765
3684
3729
3703
4533
3555
3508
3575
3891
4020
3857
3646
3594
3361
4431
5433
4940
3621
3623
3438
3775
3678
3983
3940
3488
3561
3468
3768
3629
3901
3723
3501
4136
3777
4585
4163
3538
3904
4487
5111
4454
3560
3680
3632
3888
3749
4194
3975
3923
3719
3576
3623
3653
3604
3805
3974
3837
4047
4020
3604
3574
3600
3650
3836
4897
3616
4875
3977
3692
7365
3969
3524
3465
3711
3664
4051
3634
3701
3582
3746
3547
4002
4316
3478
3454
3851
3506
4092
5367
3720
3742
4017
3599
3479
4579
3828
3553
3916
3628
5147
4130
3810
3789
4342
3822
3552
3910
3573
3548
3558
3876
3716
4265
3579
3592
3725
3523
5179
4772
3697
3541
3648
3527
4172
3985
3488
3709
3800
3614
3926
4050
3823
3758
3748
3731
3471
3524
4913
4714
3609
3716
3734
3571
3813
20614
4042
3495
3597
3561
3566
3751
4915
4070
4392
3677
3410
3716
3741
3927
3540
3649
3718
3796
3782
3990
3745
4960
3743
3422
5277
4090
3775
3664
3710
3912
16159
3973
3648
3684
3750
3678
3651
4358
3959
3588
4249
3524
3431
4275
3682
3442
3432
4134
3689
4183
4016
3650
4417
5300
4083
3829
3851
3893
3724
4127
3731
4133
3754
3628
4045
3712
3784
3485
3496
4126
6620
3491
4295
3517
3692
3917
4321
3465
3907
3317
3520
3904
4225
3617
3521
3549
6039
5185
4021
4951
3702
3636
3909
4083
3719
3476
3824
3809
5412
3879
3604
3939
3697
3702
5316
4366
3727
3697
3750
3471
3692
4540
4109
3630
3620
4484
4319
4939
3724
3482
3569
3755
4081
4669
3933
3509
4024
3542
3796
3967
3631
3522
3690
5612
5099
5160
3689
4742
3396
4178
5245
3858
3689
3552
3464
3749
4044
3711
3516
3400
3392
5709
4995
3754
3717
3708
3897
3908
4542
3955
3572
3474
3539
5723
4223
3526
3680
3357
3451
4731
4004
5228
3571
3615
3537
3363
4846
3836
3655
3498
3375
3308
4054
4544
3691
3494
3560
4394
4329
4922
3568
3489
4970
3412
3783
4269
3866
3655
3396
3754
5186
4312
3664
3607
3635
3777
4064
3484
3619
3558
3538
3626
3790
3904
3550
3725
3485
3450
4299
4307
3533
3873
3545
3369
3815
3948
4497
3655
3608
3777
3521
5782
5041
3811
3388
3723
4070
4015
4089
3779
3630
3552
3642
3710
3943
24480
3533
3840
3450
3429
3715
4162
3778
3431
4145
3448
3520
3626
4328
4598
3727
3689
3413
3484
3809
4904
3706
3823
3463
3845
4966
4648
3664
3574
3648
3787
3847
5808
3841
3666
3698
3562
3594
3452
3554
4311
5942
3435
3521
3573
3821
3745
4485
4497
3967
3523
3685
3533
3806
4680
4762
3425
3474
3396
3477
3829
3814
3633
3571
3478
3469
4009
4176
3732
3523
3524
3411
5503
3904
3773
3719
3847
3498
3541
4503
3728
3977
4045
3700
3643
5452
4173
3596
3512
3549
3615
3480
5257
4530
3808
3385
3765
3779
4380
3880
3976
3481
3496
6484
3720
3646
3581
3799
3556
4015
4724
3404
3619
3520
3582
4110
4247
3474
3736
3613
3605
4417
3879
3837
3564
3398
3678
3772
4528
3748
3597
3409
3544
4505
4260
3603
3536
