8596
10646
12211
8346
8556
8450
8498
9208
8853
8678
27962
8766
9865
8777
8915
8782
8644
9326
8580
8960
8411
8759
8873
9756
8566
8803
8157
8652
13116
9652
8320
9994
8673
8851
9047
8768
12381
8458
8338
10354
8766
9195
8664
8937
9403
10205
10339
8543
8417
8561
8606
9117
8428
8339
8556
8630
9142
8876
9012
8360
8739
8819
9799
8456
8613
8509
9030
9585
9325
8509
8662
9081
8523
8693
9060
8498
8557
8678
8953
25962
9102
8638
8348
8818
8650
9208
9625
8754
8625
8541
8573
8798
10547
8546
8520
8576
8575
8712
10314
8521
8697
8581
9497
15191
8630
8719
8723
8548
9004
9295
8730
8876
8514
8523
26529
8529
8600
9028
8349
8404
16340
9482
8682
8415
8710
8826
14308
9548
8773
8840
8816
9340
9577
8407
8559
8365
8832
10628
9020
8811
8544
8566
8709
10237
8876
8550
8615
8537
16181
9401
8533
8853
8848
8390
11390
9563
8603
8622
8910
8985
9041
8693
8739
8578
9184
9789
13772
8760
8591
9391
8843
9259
8622
8814
8446
25533
9320
9322
8462
8400
9220
9287
8892
8450
8648
9229
8593
8685
9423
9633
8998
8740
8519
8754
40592
9174
8454
9421
8691
8885
9057
8405
8359
8849
8781
99962
8371
8315
8856
8594
8964
8711
8507
8751
8508
9208
8755
13631
8769
8431
9062
8614
8729
8954
8927
8742
9684
8378
8454
10760
8507
8880
8879
9323
8830
8986
9773
8851
8833
8721
8619
12008
9059
8655
8876
8562
8266
9038
10091
8367
12382
8755
8636
9791
8544
9088
8546
8637
8746
9670
8628
8666
8621
8481
9682
10362
8849
8726
8449
15780
8436
8769
8481
8419
8294
8933
11348
25161
8836
8593
9053
9906
9102
8528
8657
9435
8734
8726
8303
8288
8620
9584
25147
8483
8368
8535
8528
9450
9278
8701
9085
14018
9291
8328
8510
8395
8708
13390
8810
8618
8570
8804
8774
16075
9769
9445
8693
8763
9252
9799
8587
8757
8602
9003
8596
9085
8546
8985
8501
8370
8706
9657
8912
8729
8481
8991
8950
8858
8645
8408
8913
9116
8687
8432
8438
10334
9781
8540
8397
9278
8332
8748
9500
8451
8502
8445
8392
9135
8866
9145
8617
8836
8587
9056
12697
9274
8467
8812
9015
9596
9029
8735
8694
8410
9318
10009
8394
8921
8493
8563
8848
8962
8696
8580
8547
8469
9648
12971
8703
8578
8449
8522
9085
9453
8536
8954
9041
11499
9419
8535
8645
8846
8887
9339
8690
8453
8782
8813
9389
9866
8851
8574
8328
9225
9680
8541
8542
8330
8650
9750
9749
8756
8633
8651
9771
9258
8680
8640
8579
8756
9081
9630
8581
8772
8830
8726
9587
9607
8872
8842
8423
8542
8877
9555
8441
8385
8346
8380
8843
11460
8596
8865
8651
16448
8468
8626
8654
8885
9220
9327
8739
8385
8507
8360
8630
30854
8940
8468
8413
8638
9739
8982
8560
8624
8715
9230
10145
8602
8600
8424
8337
8977
9519
8264
8458
8452
8324
11698
9256
8387
8505
8695
8647
8566
12728
9282
8771
8571
8627
8866
9712
8657
8580
8296
8273
12714
9240
8385
8490
8796
8410
13270
10354
8988
8640
8764
8644
9254
8888
8474
12825
9042
10148
8675
8631
8768
8491
9464
8637
8727
8472
8305
15617
9147
9169
8340
8554
8963
8593
9055
9649
8331
8606
8578
8590
8531
10338
8922
8548
8695
8935
9684
8963
8591
8570
8808
12592
9172
8525
8511
8217
8325
9185
8692
8439
8293
8471
8578
10218
9282
8534
9056
8993
9098
9220
8772
8551
11876
8582
8934
9999
8623
8684
8389
8209
12307
8780
8770
8619
8765
9225
8915
8883
8503
13778
9434
8461
8509
8591
8395
8826
8876
8591
8576
8831
8892
8547
9788
8842
8826
8793
8830
13901
8869
8564
8801
8538
8565
9631
8739
8549
8774
8946
9075
8367
8822
8568
8468
9270
8703
8706
8386
8413
8594
10849
8849
9441
8910
14269
9649
8692
8734
8727
13224
10152
9310
8399
8557
8491
9836
11447
8260
8213
8455
8386
8765
8940
8447
8592
8707
8659
13673
9610
8464
8460
8829
8863
8934
8911
8799
8475
8476
8749
10157
8692
8331
8476
8393
11133
9422
8855
8604
8458
8516
9045
9080
8931
14400
8607
8647
9673
8984
8609
8796
8531
8751
9573
29451
8998
8717
8808
8549
8914
9296
8391
8580
8201
8357
8453
8960
9328
8448
8741
8655
9075
8734
8690
8509
12413
9070
9426
8569
8612
8755
8775
8675
8592
8581
8559
8745
9087
9376
8856
8842
12546
8801
8916
8565
8443
8842
9482
8598
8343
28275
8807
8745
9261
8681
8376
8873
8640
9341
8580
8607
8696
8913
9118
8700
8580
8756
8420
8936
8725
8534
8717
9451
8573
11122
8543
8298
8185
8707
8552
9312
24903
8697
8912
8737
9254
9390
8603
9358
9296
11512
8732
8736
8878
8687
13054
8545
8344
9149
8559
8429
9062
8619
8301
9027
8863
8571
9687
8731
12072
8540
9165
9160
8712
8400
8463
8455
8981
9544
8559
8603
8669
14764
9310
9958
8886
8584
8747
9193
9399
8683
9637
8689
8617
8565
8768
10369
8533
8753
8447
9397
11764
8584
8903
8665
8438
9554
10505
8787
8643
8628
8374
9525
9839
9381
8928
8530
8568
9481
8514
8582
9221
8394
8600
8817
9122
8680
8501
8426
9218
9605
8676
8724
8587
8967
9822
9024
8765
8682
14302
9877
8349
8458
8293
8895
10583
8724
8322
8411
8471
8691
8700
10144
8779
8499
8667
9805
10107
8679
8970
8550
9185
9610
8708
9056
8529
12396
8965
9507
9180
8502
8657
8893
13835
8832
8590
9249
8794
9151
8771
8655
9902
8659
8553
8846
8567
9027
9080
8492
8571
8497
8640
9108
9483
8656
8858
8918
8664
8549
12497
8666
8597
8460
8497
9082
9635
8533
8667
8395
8759
8896
8673
8709
8433
8544
8844
8871
9769
8972
8617
8520
9242
8854
8523
8721
8787
8495
9164
8863
8802
8660
8654
8883
9146
8555
8535
8599
8182
8484
8876
8454
8496
8426
8405
8464
14241
9837
8931
8529
8508
13646
9179
8743
8708
8549
15862
9197
24718
8398
8387
8825
10802
9093
9174
8724
8795
8782
