4959
5082
4984
5729
5151
4876
4786
4990
5392
5418
5061
4931
4904
4804
4983
5826
5146
5081
5153
5115
5021
5773
5913
5015
5063
5088
5104
5498
5367
5253
5014
4752
4885
7306
5666
6146
5079
4989
4944
5274
5869
5924
5334
4889
4894
4944
5057
5083
5417
5656
5106
4839
5335
5144
4969
5881
5111
5010
4932
4711
5307
5595
4963
5155
4978
5131
5612
5355
5134
4999
5002
5833
5098
4791
4889
4833
4971
5682
5923
5330
5021
4900
5029
21416
6293
5115
5447
4868
5133
5464
5477
4982
4987
4735
4852
5185
5463
5988
4864
4716
5386
8649
6617
5006
5036
4906
4784
5637
5501
5129
5078
5154
5792
5178
5157
5247
4896
5199
5305
5507
5032
4975
7596
7954
6643
5174
5126
5291
5222
5615
6370
5123
4926
5098
5028
5670
5776
5121
4993
5211
7898
5944
5357
5100
4926
4921
7849
6397
4934
5260
5147
5385
5517
6030
4906
6938
4988
5341
5665
5925
5151
4972
5204
5079
6156
5099
4971
5943
4955
6737
5681
24985
5086
5039
5060
4992
6038
5493
5189
4984
5054
5542
5266
5174
5002
5111
4837
7480
5449
4957
6080
5162
4861
5621
5138
5125
5795
4915
5325
5968
5292
5067
5141
4971
8571
6400
4984
5605
5050
4910
5662
6162
4845
5553
5044
4859
5153
5582
4873
8043
4854
5210
5360
5187
5552
5061
4984
5114
5476
5605
9054
5287
5249
4711
5328
5308
4933
5050
5243
5292
45451
4992
5616
4932
8244
7378
5147
5399
5212
24948
5799
5224
5255
5292
9170
6045
5332
4979
5068
4912
4746
5663
5358
5014
6700
4889
4930
4798
5341
5388
5128
5707
4943
4816
5086
5390
5158
5131
4962
4925
5264
5301
5556
4994
4880
4771
5430
5197
4873
5282
4949
7025
5718
5087
5159
4828
5207
4983
5907
5065
5025
5118
5115
7834
5632
5643
4974
4937
5251
5249
6863
4940
5121
4761
6006
6879
4967
5097
4899
5168
5702
6750
5079
4923
5371
5012
5471
5734
5671
4892
5041
7469
5816
7257
5238
4884
5048
5383
5367
5676
5032
4969
5059
5049
5182
6181
4947
5017
4758
5112
5107
5921
4950
5045
5108
5154
4834
5279
5932
5315
4787
4723
4890
7111
8965
5373
4937
4827
4835
7843
6028
5068
5112
4816
7595
6115
5066
4994
5195
5218
5364
23693
5110
5424
4968
7705
5665
5611
4996
4956
5003
5001
5598
6169
79779
6031
5162
5403
5790
5049
5037
5048
4642
5058
6138
5139
4871
4693
4912
4890
8846
7348
5260
5307
5120
4880
5900
5801
5035
5124
5010
5033
4952
6332
5105
5186
4836
4873
5092
5590
6221
4865
4942
5305
6308
5489
5981
5075
4983
4882
4926
5504
6697
4914
4991
4941
5076
7371
5895
5298
4943
4943
4850
7204
5798
5034
5044
4905
5268
5218
5246
5440
5175
5267
5087
4948
5009
6558
5138
5014
5101
4820
4901
5611
7076
5862
5188
4847
4831
5010
5415
5439
4895
5142
5037
5002
5084
5432
5901
4952
4945
5136
5107
5217
6253
6496
5321
5114
5026
4863
5227
6034
4983
17822
4982
5264
5229
5454
5261
4888
4631
5167
5060
5882
5657
5130
5046
5043
5033
4974
5281
6661
5169
5033
4759
4746
5016
6459
5531
5166
4875
4915
4782
5229
5004
79059
4884
4684
4786
5704
5136
4893
4678
4871
4918
8001
5739
5173
4871
4752
5087
5174
5908
4872
5080
4913
5095
5153
5119
5354
5152
5317
5144
5142
4880
4831
8996
6283
5047
4894
4958
5246
5521
7339
5569
5252
5102
6909
6245
5770
5890
5072
4854
5008
5588
5562
5286
4888
5227
6658
5146
5348
4895
5109
6770
5551
5314
5053
5151
5243
5289
8808
5360
5084
5062
5121
4891
5186
6070
5199
5564
5138
5375
5176
24720
7089
5118
4997
5508
5244
6845
5056
4967
4831
5497
5556
4947
4938
4980
6477
5250
5522
5308
5217
4924
5001
7663
6737
6332
4956
4809
5442
4713
8806
5957
5396
5066
5110
5430
5834
5765
5371
4838
4785
5392
5463
6059
5294
5137
4892
5125
7221
5855
4993
5201
4904
4882
5060
5367
6092
5173
5182
5437
5292
6396
4959
5060
5167
5123
4930
5458
5292
5249
5224
4816
7459
6492
5187
4906
5676
4991
5481
5471
4979
5222
5561
5174
7877
5843
5059
4961
5078
4917
9030
5232
5118
4994
5178
5032
6450
5354
5090
5018
6486
5075
4828
5739
5841
5062
5029
5353
4816
8098
6426
5058
5083
5074
4748
4919
8052
5489
4941
5432
5168
4839
5244
5733
4972
5544
5019
4899
5827
5935
5533
5297
5321
4917
5445
6584
4931
5517
4977
4649
4914
5777
5282
5030
5114
4927
5217
5621
5267
5792
5060
5153
4978
5951
5434
5224
5275
4759
4886
5683
7214
4936
5025
5174
5343
5410
5634
5042
5230
4769
5777
7268
5081
4908
5060
4771
5187
5935
5506
5270
5155
5177
5371
5443
5712
4924
4840
5188
5625
5677
5054
4963
4985
5234
5401
7409
5576
5027
4999
4888
5447
5560
6093
4777
5138
4815
5045
5499
5250
5133
4847
4893
4940
7946
5978
4982
4975
5012
5635
5395
6041
5265
4925
5330
6057
6196
5032
5175
4842
4927
5810
5195
4918
5255
5597
5212
5571
5644
4969
5339
4935
5570
5613
5354
5015
5268
4788
6473
6860
5101
4916
4931
4989
4780
5623
6304
4989
5124
4865
4924
5876
5511
4889
4785
4980
4866
5465
5507
5184
5755
5349
5060
7910
7178
5392
7310
4999
4986
6561
5965
5218
4994
4882
4829
4892
5562
5642
5223
4791
4917
4848
5038
5262
6196
5019
5230
4996
4828
7225
6184
5127
5274
4854
5093
5386
7351
5570
9552
4800
4923
5202
5888
4961
4733
4882
5107
4792
5649
5984
5052
4990
5003
7298
5963
5061
6786
4755
5049
4689
5005
8561
5417
5291
4786
4912
4964
5189
5931
5221
5301
5034
4862
6913
8704
5159
4790
4783
5013
5339
5518
6239
4962
5331
5235
4748
5480
5347
5332
5351
5093
4849
5111
8553
5078
4905
4835
5111
5053
5948
5279
5008
4943
5145
5788
6013
5208
4761
5366
5715
5173
5100
4782
5392
5038
6534
4961
4944
