38352
36667
36644
37325
37317
36986
36793
36828
36073
35835
36024
35853
35757
36236
35588
35796
35874
35520
36492
36041
35690
35543
35836
36232
35754
36059
35698
70009
36135
35824
109403
36063
35857
36774
36075
35907
34635
35227
35533
35109
37100
35012
34819
34669
35099
36799
34613
35481
34307
34850
39274
75920
35455
58062
34357
35170
34651
35582
34866
35148
38050
34994
36484
34870
48996
45048
35050
36874
34799
35204
35221
35286
35089
34567
35338
35934
54018
35416
34913
35182
34958
35112
35788
36764
34964
115669
52246
34534
35042
37568
60438
36661
34512
35163
34981
35030
34711
34802
35183
34462
37127
35120
35177
35242
37502
37634
35050
36404
34904
37240
35142
34448
34778
34533
35369
34930
34758
34565
51046
34879
34716
34903
44761
35458
37250
34793
37700
35546
35153
34532
35393
34997
52901
34806
34546
35099
34911
35857
34754
34399
34775
34691
35292
34515
34782
34916
37288
34802
34572
35325
34984
35547
35068
33772
33732
34400
35206
35160
34750
34906
34989
51155
34692
34732
34785
58338
36954
35204
34517
57487
36142
34778
34680
60103
44439
35872
33940
33525
68261
34693
35147
36872
36873
34778
35034
36935
35276
34624
34827
35345
35330
34880
35070
34738
35234
34934
34706
34760
35052
34113
37294
35195
34714
34846
34558
34833
49139
40722
35902
35719
35514
35004
35552
34520
34479
34665
84350
44628
34959
67725
34849
34823
34413
33505
66562
72950
34564
59687
64038
34922
34678
35185
36441
41818
35509
34684
34976
34514
35029
37192
36416
34519
34648
49433
34885
34791
57577
35088
34976
34917
34277
34830
55762
34780
35367
35238
35143
37288
35461
34878
34690
35833
34746
34756
34778
35305
35599
34809
36512
34822
34481
37054
34749
48294
34868
34386
33912
34486
33735
50212
36881
34649
34713
36564
116396
34046
33847
34088
33870
36126
33837
34025
34118
34952
37035
35248
34568
45847
34592
35828
35238
35311
36095
36207
36048
35917
51027
35772
35200
35676
35249
34596
75217
35037
34860
34723
107270
35051
35594
35753
36166
35678
35730
36857
75408
35288
35751
35269
35530
34884
36689
34973
35651
34954
50445
34918
34323
34771
35957
66963
34461
35379
35187
36744
35247
34727
34891
35082
34829
34991
35351
36425
64861
34776
35521
34937
34657
34621
52004
35278
34601
35215
34845
35106
35469
34636
34625
49491
37855
34635
34486
34181
34983
35355
34671
36479
34988
34839
37258
34908
35139
35195
35387
35241
35149
34642
52603
34757
35903
34674
35134
34726
62214
34635
34466
75536
35390
34521
34977
47645
52554
55442
35404
37094
34616
35023
34862
34858
34372
35553
34812
35623
35193
34716
34839
35149
35661
33873
33824
33831
34312
35816
33465
34794
34304
34564
35148
34839
34862
34763
34792
34950
63266
56994
35234
50809
34568
34964
51620
34921
34792
36832
35479
58375
50676
33610
34514
34267
34058
35404
34241
35863
34993
34948
34960
67043
34713
35592
34796
34987
34939
35255
35678
34810
34840
35807
34853
34816
34727
86306
34748
35021
35437
34598
34887
34615
34766
34933
47663
34662
35049
35151
35583
48026
34897
34908
35105
37615
35365
34788
34996
34977
35032
34818
35128
34801
34823
34477
34754
59907
35706
35034
34907
35002
35231
35077
34701
34480
35325
34940
35175
34809
34964
35058
34881
34655
34627
34709
35433
33880
33712
35878
34018
33861
34124
34251
34891
35675
36961
35418
37023
34575
35377
35642
36707
34667
34651
34253
51524
34226
33916
33808
34713
34495
34948
34742
35479
37680
35541
51451
34527
35209
34748
35123
90643
36562
36073
36252
35803
63430
36428
35648
34421
64991
35142
34801
35108
34837
36443
35469
34871
34841
35090
74923
36943
68318
34649
76657
35428
35121
50280
35121
34883
35177
34837
34589
35083
34630
35179
34796
34555
34781
34910
36701
63256
35057
50370
35170
42140
81495
35576
34365
34619
34732
35443
35203
34890
35257
34741
34958
34826
35410
34602
34406
34607
40050
35700
34995
34854
34748
34893
34865
35073
35419
34629
35174
35075
35284
34765
34896
44079
52517
34644
34660
34755
35039
34750
34568
34559
37958
34744
34768
34998
34958
34500
34686
56264
34972
35052
35099
34915
34968
34844
35532
34779
34899
36677
35308
35119
34768
34731
34435
33841
34274
33892
34695
34792
34841
34823
47243
35691
34568
34501
35010
35069
34838
34927
35365
34894
35039
34833
35232
34589
34988
34405
66370
35421
49664
34954
35752
34400
33977
36132
34152
33929
34114
36300
35887
37487
34825
35160
35321
34705
35831
36370
36393
36742
37882
113285
36384
37434
37110
36079
35833
35564
35765
36349
36459
35804
35974
35731
44089
36355
35802
35707
35644
36135
35800
35693
34867
34561
34995
92842
35140
34968
35210
34838
88950
34784
34499
35157
34984
50967
75691
35037
34825
34738
47585
34505
34809
107528
34651
35785
34777
34772
35525
35938
35658
35872
36138
35527
120876
35826
36058
35962
76026
36285
35568
36204
36430
35850
35415
35118
35012
35176
50198
34689
34653
34908
35200
53516
34998
34941
108591
37610
34773
34408
34414
58056
35497
34828
34530
34791
34641
35559
35582
34924
34855
34900
46652
34508
50780
34702
34817
34661
49440
35198
34836
35001
34418
36646
33694
34823
34115
42076
34724
34130
34775
34917
35055
34953
34623
36490
112128
37056
35009
34661
34709
35121
37426
35279
35055
35023
34484
45438
35502
34925
34662
36621
111713
38877
34989
34980
35381
52141
35360
37906
75207
35039
34758
35046
109389
35044
36051
37014
34958
47733
35020
34803
48208
34595
35432
35207
35089
68203
36483
34731
34769
35021
35051
34767
116963
37216
35209
36402
35370
35268
34637
34504
34260
34626
35064
34959
34699
68860
35046
35055
34770
34997
35298
34323
34454
45183
34699
34624
35290
34931
34810
35928
34733
35126
35016
50696
34881
34213
33903
34042
34052
37113
33925
34070
34630
34614
35548
47202
35042
34939
34893
35481
34644
35309
34718
35158
34893
35173
35124
34950
35276
51979
35483
34583
34838
34875
35110
34407
53325
34959
34987
35370
34600
34908
34923
34726
34720
34476
34548
34622
67621
34777
33349
33623
35562
34338
35876
33935
35056
55927
36837
35038
35630
37024
36214
36188
35790
36564
35704
48251
34621
34765
37162
35424
34840
35482
35158
34627
34530
34815
34772
34992
103316
34785
34841
34720
34626
35000
34847
34597
34803
60310
35713
35244
35209
34956
34990
35220
34634
34848
35147
34765
35926
