18236
16755
16770
16686
95336
17780
50318
61061
18866
31621
34049
28006
16687
16716
16679
53649
26887
16583
17191
16768
18621
17865
17317
16658
17674
16676
16684
16753
16786
16808
52216
16891
18164
16743
16871
17194
17207
16560
17668
34758
30708
50706
59885
35686
54970
28969
21766
16843
16962
16578
16819
16969
16909
16795
17033
16752
18436
17099
16815
16690
35159
16726
16741
16749
16829
23311
16525
16601
16777
17592
36439
16640
16662
16702
17777
16697
16768
16808
16841
16838
17617
17735
16525
16749
17495
17556
18097
16686
16827
16839
16874
17522
16618
16799
16670
16759
17754
16791
17201
16734
22774
16837
17706
49890
16969
16806
16528
17083
17064
16640
16778
16623
31120
17550
16668
33455
16550
16845
17857
16798
16722
17235
16797
16673
17804
17058
16730
16709
16706
16854
18915
16717
17364
16701
48114
17580
16687
16558
16993
16523
17315
16547
16762
17609
17841
16622
17542
16889
16796
17364
16777
16808
16744
16818
28336
17030
17716
16893
16661
17825
16786
16781
17077
16656
16859
16995
16786
16698
16694
16890
16969
16666
16816
16687
16943
16833
17312
26485
16830
16766
31560
16810
16782
16691
26674
16666
16811
16644
16708
16463
16950
16838
16673
17831
16670
16723
16983
16986
16883
17845
16908
16889
16614
16864
17168
16662
16955
17414
17715
17702
16671
26832
18055
16752
53194
17572
16903
16882
16569
16641
16698
29395
17013
16697
16723
16731
16665
16904
17626
16777
16741
16689
16818
18120
16882
17517
16767
17052
53982
16926
16788
17796
17121
17094
16672
16628
16846
16893
16679
17071
16533
16712
16605
17667
16728
16710
16722
92934
34906
56965
16843
16580
16825
29975
17005
16740
17615
34264
17802
17321
16699
16758
16804
42989
17574
33218
16583
35052
16790
17119
16782
16904
31181
63336
17656
16807
17654
16543
16760
17056
16520
16919
16747
16944
26901
17087
16773
16718
35381
17316
16730
16997
16810
16883
17525
16763
16720
16693
31184
16658
16789
16896
16629
16920
17016
17786
16934
16717
16659
32532
18956
16763
16874
16913
17398
16809
16812
17108
16812
22625
16648
16701
24782
16920
17230
16554
16929
16911
16631
16878
16606
16667
17622
16783
16845
16665
16805
16744
16759
16789
16675
16603
16517
16841
16894
16820
16636
17017
35289
16576
23450
16990
16684
16597
16803
26637
17188
16658
16593
16806
25179
16940
16587
16932
16849
16656
16745
18028
17184
16743
16717
17732
28455
17450
16599
16624
16874
17018
29324
17306
16921
17039
16709
16602
16966
16936
16793
16644
16610
17972
17703
17150
16962
16642
16711
16887
16688
16651
16911
17443
16668
16852
16942
16866
17458
17828
17005
16818
16824
16707
16747
18163
18471
16564
17451
16939
16971
16548
17015
16818
16733
16648
56110
16899
17965
16784
16811
16575
16867
16987
16681
16537
17384
17508
34703
16921
16766
17842
16907
16584
16872
16790
17772
17022
31227
17322
16742
16992
16454
16902
35485
17633
16814
17046
29426
17693
17720
16862
17560
16689
34359
16781
16684
17678
16505
17141
17800
16780
17165
16746
25734
23891
16789
16841
16678
16743
16719
16784
16665
16707
17753
16571
16606
16717
17760
17010
16791
45270
16491
17599
16650
16875
16691
16682
16721
29985
17310
16907
16716
16852
18405
26145
16865
17063
16552
108143
16843
16760
24654
17583
35012
17634
16930
18439
16811
29928
17024
17078
17162
16775
27601
17304
16764
20708
16723
16979
16949
30492
16662
16953
16781
17918
16736
16837
16889
16730
33396
16655
16716
16901
16761
23050
17007
16815
54123
18225
16928
16631
17115
17113
25137
17017
17197
16796
17100
19465
16851
24670
51969
16756
16562
16700
16914
21343
17468
16768
53136
17728
17878
16853
16707
16748
16655
28285
16760
16534
17520
17884
29764
16587
17621
17576
16649
17013
16674
16854
21396
17104
16969
22510
16636
16717
16814
17027
16876
16851
16669
28487
16728
16488
39956
29167
17243
17461
16607
17692
17450
17149
17009
17297
16963
16910
19001
16649
33374
22961
17326
16807
16627
25449
17545
17114
17340
16727
23039
17714
16653
16802
16742
16614
16680
17183
17216
16832
16813
16886
16819
16743
16608
17045
17539
16642
16664
16904
24136
16825
16893
16791
17135
16910
17084
16783
20379
50713
16899
16734
16716
17509
16684
17402
16733
17096
16835
16865
18002
17511
23992
16819
72286
17181
17458
17014
16698
16607
16763
16751
16773
16753
16868
17074
16874
16631
29298
17672
16691
16740
16819
17660
26885
16648
16510
25321
16783
17490
17871
17463
16722
16559
43906
16863
27426
60984
16805
16822
16720
31453
16528
16767
17001
28280
16919
17549
16738
16836
17493
71450
26949
16577
16610
16906
16734
17219
16682
16711
17518
17586
29307
17149
17028
17051
16634
16659
16846
16987
16853
16864
16685
16754
28978
16683
16684
16868
16680
35228
18095
16751
16944
16570
16987
29366
53156
16789
26243
16865
16732
18663
16902
16737
16832
16833
17363
16960
16491
16611
16677
16954
17075
94496
16596
16686
26598
18151
16639
16547
16764
16856
16818
16848
16669
16789
16691
27668
17605
17273
16849
16612
16879
16783
16604
16978
17108
16707
16770
27478
25670
16779
16621
16776
16979
31689
17347
16607
16707
16479
16540
17001
17224
16706
16693
16822
37752
16574
16748
16672
16699
16677
17367
17176
16700
17731
17735
17220
16741
16778
16794
26757
33146
16551
16919
16684
50978
16994
16969
16770
16858
16730
17160
16934
16780
16635
17710
17076
16761
16773
16623
17449
16614
17285
16707
16600
16585
16625
17893
17547
16642
51649
49057
16592
16629
16827
16675
16644
22285
17043
17555
16787
16965
17478
31811
16693
16706
17756
16736
30852
16826
16655
16775
16740
16680
16711
16830
16792
16704
16752
52916
16935
16591
16796
52569
16754
16657
16933
16925
16618
16675
16753
16800
16765
16725
16517
52275
30309
17402
17027
16646
33538
17868
17646
17028
16675
16481
16537
16989
17656
16858
17069
16737
16671
16778
17574
16955
16891
17738
16846
16689
17440
16571
23705
16638
35009
17228
16769
16661
16907
22511
16632
16922
16810
17078
18196
16642
16572
34614
16662
16826
18134
16662
25352
16894
34912
17421
16749
17732
16702
25987
17246
16866
16764
16851
31688
17246
16768
17140
16801
16635
35014
17587
16622
17081
16909
16684
16900
17028
17397
16715
16718
35575
17052
16784
16572
16681
16818
16774
17637
16773
16816
17029
16826
17044
16645
