7231
7283
7208
7131
7383
8281
7281
7283
7351
11784
8991
7294
7281
7259
7165
7369
7559
7439
6887
6941
7119
12919
8320
8446
7152
19615
7059
7534
8381
7804
7481
7321
10491
8578
8260
7626
7280
7156
8084
7384
6960
7094
7073
7115
8360
7351
7332
7058
7109
7470
8316
7557
7415
7345
7890
8822
7296
7277
6917
7210
7273
8049
7951
7505
7169
6981
11631
8474
7544
7485
7404
7914
7421
7356
7067
6954
7640
7178
7008
7087
6911
7654
7236
7480
6873
7426
7376
7614
7383
7314
6906
6956
7319
8090
7318
7216
7245
7156
7955
7517
7272
7491
7273
10971
8511
7008
6872
6906
7014
7198
7895
6984
7052
7106
7014
7696
7539
7004
7113
7084
7315
7657
7311
7358
7374
7277
7490
7987
7500
7109
6973
7356
7651
7583
7261
7243
6918
7168
6939
10737
7143
7144
7609
6952
7162
27206
8608
7175
7249
7097
7288
8357
7446
7223
7095
7210
7412
8017
7106
7018
6972
7130
9402
8302
7054
7192
7023
7175
7501
8337
7434
7191
7023
8462
7439
7288
7113
7238
7551
8008
7423
7212
7130
7088
7341
7825
7242
7066
7051
7147
9084
8278
7250
7094
7196
7161
8258
8483
7361
7367
7479
7532
8789
7382
7165
7193
7078
7484
7676
7067
6934
7411
7079
7388
7703
7336
7184
7186
7342
11837
7861
7510
20019
7146
6965
7944
7378
7077
7576
10287
8847
7293
7163
6882
6935
7970
7992
7038
6993
6947
6853
7867
7228
7438
7247
24072
7953
7608
7198
7381
7224
8069
7327
6951
7336
7167
7787
7480
7054
7225
6968
7552
7320
7384
7424
7171
6994
7619
7913
7451
7183
7198
6957
10012
7467
7298
7227
7547
7564
8387
7273
7576
7258
7530
7730
7148
7028
7121
7284
7174
7559
7088
7263
7215
7249
7414
7807
7181
6943
8000
7439
8384
7232
7072
7259
8297
7846
7412
7292
7840
7399
7051
7264
8281
7604
8370
7111
7215
7203
7956
7315
7316
26634
7823
11721
7491
12971
7505
8015
7274
7636
7475
7315
7585
6990
7151
6989
7135
7105
7530
7916
7229
7133
7469
14631
7239
7599
7173
7310
7895
7449
7542
7555
7196
10287
8726
7366
7330
6961
7454
7815
8057
7510
7285
7053
10155
7423
7067
8524
7207
10983
7650
10448
8205
7280
7558
11350
8085
7384
7294
7154
7624
7757
7378
8207
7286
7228
9451
10866
7257
7698
7231
7153
7801
8707
7236
7332
7159
7091
8831
7634
11174
7042
7221
7437
7284
7301
7488
7315
7118
7432
7641
7387
7276
7346
7189
7780
7836
7979
7371
7419
7580
8343
10474
7481
7239
11312
7606
7326
7035
7002
7087
7616
7122
7096
7261
7299
7165
13982
8643
12245
7439
7355
7254
8363
7333
7252
7179
7070
8168
7569
7807
7202
6990
7029
7127
7732
8128
7586
7612
7036
7147
7393
7454
7234
7062
7309
7047
7609
7552
7306
7213
7416
8278
7881
9016
7270
6775
6954
7104
7550
8092
7253
7019
7475
7896
8925
7784
6996
6973
7061
10484
8101
7297
7100
6897
7510
7071
7967
7441
7362
7192
7264
7857
7458
7433
6837
7083
7259
7728
7632
7249
7054
6795
6743
6973
10927
7442
7440
6792
6951
7335
11386
7775
7692
7260
7169
7139
8685
7602
7417
7087
6931
10652
8040
7311
7094
6901
6887
6898
7308
12479
7178
7439
7118
7078
7651
7514
7223
7127
7180
7577
7761
7233
6934
7176
7021
7336
7080
7202
6954
6975
10804
12640
7276
7365
7510
7382
8496
7565
7328
7455
7158
9006
9381
7145
6862
7108
6999
7421
8546
7217
7388
7237
7196
7194
8860
7874
7025
7078
6976
8681
7793
7223
7167
6797
19462
7061
7139
7461
8186
7661
7268
7202
7148
8032
8011
7389
7301
7213
7144
11284
9528
7084
6942
7037
10126
7870
7390
6988
7238
7467
13336
7382
7621
7389
7255
7268
7924
7483
9985
6988
13940
7551
7061
6807
6966
7547
7214
7010
7060
7265
6982
8002
7105
83393
7170
7144
8269
7609
7604
7258
7404
7609
7737
7269
7186
7076
8542
8195
7722
7053
6920
7154
7321
7561
7294
6951
7241
7361
8013
7697
11145
6953
7279
11150
7482
7086
7441
7191
7531
7766
7363
7182
6933
7318
8515
8438
6973
7512
7338
7378
7640
7586
7097
6945
7362
7009
7534
7528
7607
7651
7590
7005
8575
7839
7359
7183
7176
7599
8442
7623
7038
7170
7403
7586
23452
7209
7255
7515
10198
7675
7172
7203
6956
7967
7760
7326
7241
7436
9900
8647
7170
7195
7444
7763
7410
7178
7044
7827
7457
8042
7265
7143
7094
7733
7584
7860
7177
7303
7162
7899
9045
7516
7352
11058
8002
7248
7105
6979
7313
7288
9576
7234
6809
7124
7404
11900
8059
7191
7324
7363
7934
7472
7290
7100
7287
8122
7434
7203
7187
7259
8081
7027
7143
7226
7892
11480
8685
6986
7708
7085
7647
7860
7558
7068
7075
7941
8012
7487
7376
7020
7163
7870
9119
7209
7137
20312
7182
7399
8239
7490
9503
7403
8267
7362
7228
29360
7528
8202
7301
6931
7596
13151
7386
7166
6845
7034
7106
7363
7436
7743
7301
7309
7970
7444
7203
7411
7481
7442
8639
7320
7138
7422
7401
11851
7966
7290
7212
7410
7531
7537
8099
7172
6934
7923
7432
12967
7977
15690
7459
7353
10855
7419
7592
7387
7303
7252
7526
8244
7277
7312
7353
7493
7162
7962
7513
7918
7199
7206
7713
7668
9654
7400
7185
10300
7599
7256
7973
7356
7219
7299
7692
7140
7040
7316
7129
7232
8199
7375
7675
7820
7494
7305
7568
7436
7424
7197
7591
7340
7811
8431
7756
7164
7199
7203
8118
7948
7185
7211
7250
7038
7563
9042
11462
7400
7459
7392
7558
7357
7268
7021
7313
7472
13405
7639
7317
7063
7460
7307
27078
8059
7862
7313
7171
12855
8146
8273
7232
7314
7094
8027
8076
13348
8015
7119
7510
7373
7095
7016
7164
7475
7496
7292
7421
7145
13122
8378
7227
7751
7369
8079
7273
7156
7212
6932
7397
7700
7181
8177
7174
7077
7786
8089
8425
7650
7155
7192
7568
8087
7189
7176
7085
10971
8097
7172
7307
7088
7197
7373
