53794
53549
55158
52942
52510
51982
51699
51895
51910
51872
52121
72737
51975
52068
51992
51702
51818
52133
52234
61381
52161
52006
51981
52099
101899
52554
51575
52152
53248
51885
90072
52090
51967
51956
52965
52377
130210
51641
51577
52064
52949
52064
51795
52106
51971
52147
52482
52428
71967
52758
52715
63023
64229
51958
51522
52219
51974
51760
52006
56075
51712
52598
52726
58683
55261
53012
53405
50399
50710
51727
50635
50592
50541
50723
89447
51484
51735
51340
52120
52451
52816
190704
51496
51644
52520
51503
60734
51380
55705
51867
51921
51793
51678
53569
58960
52274
52641
53118
52123
50463
64537
89927
50652
51749
53171
52967
130853
52193
51697
55998
51809
52370
52197
131757
51834
52382
53546
80519
52756
54807
51899
52275
99054
51882
51529
51932
51930
52159
52077
51971
52077
93341
52034
52818
51405
51399
51851
51633
63623
52328
51985
52903
51770
145903
129291
51587
51207
50697
50226
52602
53373
55617
51978
51406
70299
52320
51598
51421
51807
51555
73150
51793
51594
52688
63937
51863
81379
52151
51941
69609
51915
52662
51917
51769
52175
51919
51852
76134
51970
52868
51812
52352
53670
53201
52005
51994
75232
51670
165591
71001
51581
52488
51892
59209
52636
51770
52236
52004
51555
56332
51915
51382
51561
55705
51437
52172
51915
52005
52126
55108
80585
52141
108360
70051
52375
52217
51866
52565
51508
52780
52057
52753
149440
51716
51721
52386
52209
55460
52072
52350
52068
51698
51867
51743
51836
51750
52940
51868
51817
52224
58585
52026
52962
52194
52295
52298
52106
51801
52486
52154
52285
51760
51365
55026
52029
52081
52554
51941
88644
100167
50541
50964
53470
74208
54613
51996
51951
166692
52982
51818
51975
73410
61717
51811
51945
51992
52085
53271
52139
52082
50616
50472
50938
50732
50172
58892
79883
57743
52417
54954
51852
55568
52785
54855
51295
51718
52306
70324
60515
54909
52055
51694
51899
70245
56510
52300
52002
52955
51811
51459
52168
51749
51750
56096
50274
50882
51104
51802
51925
51952
52347
55542
51930
52314
52489
52538
51811
51753
72902
64151
52930
51847
51909
51336
52107
52400
52014
59165
52298
52059
52211
68178
51777
51911
52771
52636
51916
52801
51882
51919
52014
51420
54979
51053
51019
50115
50884
50639
50860
53422
54105
50578
51818
52208
53754
51716
51887
51239
53193
51740
52102
51561
52371
52077
52321
52219
51698
52228
121304
51707
51139
50412
53901
53347
51469
50193
51970
51993
150044
51937
51932
51907
52170
104147
51878
52070
56469
57381
51665
102725
52095
54550
51883
51692
51970
159684
51923
51444
55229
52273
52047
52381
52024
53280
54454
150384
83499
182600
52868
52294
54922
52121
57747
51505
53046
54485
55533
52184
52045
51301
51803
73088
53327
51693
52042
54831
55552
52157
53551
51758
52102
52960
51878
51483
51957
51898
136554
51630
51448
51471
51609
68002
51579
52391
51624
52237
52006
51654
51703
52084
52751
94350
69697
51633
52232
52990
52404
51619
51376
50866
51060
51178
50965
50513
50608
51560
52513
52718
51811
52420
51987
52150
97404
129133
51883
54200
52310
52840
51704
52078
74083
51915
52065
77979
54903
61678
51681
66319
51670
68813
50311
51391
50047
128973
51075
50333
51326
88078
52292
51931
51645
52097
52469
53243
51511
51864
64267
51580
51891
52038
51661
55361
51593
52015
51847
51723
51617
51881
52185
52302
51847
110914
50445
51712
50071
50796
90141
51731
63796
50272
51562
51999
113858
52498
52232
51782
51036
53198
53189
51570
52410
51991
52113
51933
51852
51740
50362
109856
50071
50547
53274
72144
69329
51135
50209
50685
52102
51998
52100
53327
51913
52044
55449
52107
52284
51840
52444
51991
52647
52169
98630
51684
52153
53014
51835
56474
51776
50509
50585
50601
54579
50808
50532
50627
50722
50299
52586
53000
51815
53277
51391
52148
51653
51748
51530
51659
53618
51896
51628
52109
155211
55798
52153
52052
51951
51667
51633
50032
50134
50599
164031
52833
185125
54760
176623
51730
53069
53712
53387
53185
53234
54073
172746
53340
61080
51927
55316
52921
52715
54223
71711
71240
51831
56588
51917
52186
52762
51629
52156
51907
52080
51769
54737
52087
51932
51852
51760
51931
52258
52187
52214
51631
52219
56307
52076
51982
51942
51716
51978
52023
69272
51942
51364
51997
52073
52057
52140
51975
52244
52759
52051
52169
52001
112850
60256
51591
52264
54270
55191
52204
52004
51868
51823
56039
51559
52060
51736
51434
65201
52216
52550
51950
51847
51344
53260
51388
52572
52015
73165
52743
52143
52306
54414
51442
51851
51998
55835
71071
51939
51598
51681
52119
52834
52154
52033
52746
51917
51892
52008
52637
52143
51646
51571
157099
62672
51832
51502
51385
52079
52149
51339
51984
97743
110303
51935
51862
51851
52918
52097
52082
51697
51384
71588
51222
55420
51370
52376
52474
54787
163996
70960
50987
73352
50603
202966
63545
58132
50733
50542
52327
52939
51919
51988
51516
51563
115326
52147
51421
51242
51586
51789
52311
52097
53743
52745
51600
128864
52189
52222
50943
50886
50410
51352
50200
50442
50956
50698
51881
53574
51686
51359
51917
52902
51755
53320
51668
73265
51980
54981
50632
51186
50948
50424
50497
50920
50162
50171
55989
51583
52125
52295
173183
52234
116147
52088
52050
232440
51695
52163
51907
53155
70014
52543
51984
51557
51781
51794
51850
52082
51985
55265
52025
51229
51893
161166
52762
52078
51817
51698
52532
52084
174832
51711
119194
56013
53698
52950
52826
54826
53742
53197
52105
56196
55389
52015
52440
51801
58915
51835
51923
52009
52292
52140
51803
114862
52241
51890
51857
52296
52793
52067
51892
51765
51713
51605
52091
68906
52676
53423
51774
52750
51975
101613
51696
51901
52070
54503
51587
52063
51924
98445
52059
51953
54319
51439
51923
52037
52178
51389
60409
52499
51947
53296
52223
51888
74806
52244
52202
52424
52049
51796
52065
51588
165751
53265
51822
66663
69394
51615
52179
52556
100757
52241
52238
51891
52085
51581
51565
55347
55046
99407
110651
60512
51561
52318
52393
52101
67168
52506
87760
52180
52120
53104
54425
51350
52136
52084
52945
52143
107091
51622
50719
50348
50238
50638
50472
52300
55036
52563
51662
51986
52310
78604
52496
51917
51549
55950
51265
51740
51832
51773
52317
51431
51848
51961
52263
52088
52077
51672
75149
55115
51289
51844
51793
54581
52094
51675
51942
52220
51051
