6949
6176
6233
10429
9367
6292
6273
6396
6115
6269
6237
9142
6226
6151
6124
6398
6399
6535
6214
6271
6190
6260
18730
6747
22546
6285
6406
6204
6923
6789
6265
6160
6404
6298
6633
20531
6147
6614
6271
6603
6201
6503
6492
6335
6499
6164
6535
10261
6921
6087
6174
6115
6273
9281
6403
6343
6216
6197
9577
7094
6391
6305
6165
6507
6503
7711
6232
6270
6268
6111
10041
6827
6151
6317
6279
6612
7159
6381
6127
6201
6425
6394
19956
6089
6294
6911
6255
6507
6341
6806
6477
6243
6428
6650
6569
6280
6102
6656
7695
6267
6259
6257
6303
10608
6246
6117
6335
6315
6215
9716
6298
6396
6422
6280
17700
7743
6180
6206
6303
6558
6467
6676
6175
6193
6498
6640
6370
6224
6326
6363
6379
6634
6379
6110
6933
6208
6212
10328
6295
6318
81668
6283
6302
7093
6329
6214
6393
6406
6760
6493
6308
6077
6293
6397
6315
6318
6565
6418
6224
6240
6331
6590
6483
8259
6416
6130
6375
6264
6275
6284
6696
6283
6193
6093
6253
6299
6380
6354
6252
6212
6201
6864
6197
6620
6073
6385
6645
6789
6555
6228
6271
6215
7142
6319
6307
10304
6441
6172
6522
6137
6373
6335
6130
6477
8973
6832
11373
6519
6282
6239
6232
6433
6284
6292
6331
6238
6117
6659
6160
8883
6591
10173
6668
6299
6476
6449
6106
6755
6260
7671
6565
10705
6943
6259
6405
6151
6154
9246
6424
6273
6247
6300
6329
9260
6327
6398
6298
8405
6157
6195
6313
6393
7813
6514
6393
6572
6329
6594
6612
6438
6150
6276
6249
6291
6234
6767
6121
6548
6250
12122
6405
6175
6337
7095
6643
6363
6166
6403
7141
6285
6315
6271
6432
6223
6555
6195
6203
6544
6341
8944
18105
6787
6928
10526
6232
6334
20475
9667
6365
6691
6224
6973
9624
6243
6237
6252
6247
19098
6268
6473
6245
6598
6262
6776
6502
6347
6280
6403
6308
6274
6419
6191
6506
6712
6229
6485
6340
6284
10044
6267
6298
6627
6257
10465
6999
6236
6510
6130
6184
7295
6082
6599
6696
6360
6362
6877
6481
6445
6414
12564
6261
7024
6197
9563
6472
6206
6616
6208
6183
6249
6159
10216
6708
6217
6291
6402
6357
6642
6212
6280
6325
6448
6234
6531
6239
6079
6183
6146
6515
6437
6376
6268
6257
9385
6401
6157
6151
6412
19278
6413
6370
6247
6353
9082
6925
6449
6173
6125
6630
10253
6639
6160
6335
6221
6111
6745
6593
6292
6507
6219
6764
6285
6300
6287
6356
6406
6064
6178
6515
6743
6356
6147
6771
7754
6542
6257
6268
6390
6702
7552
6151
6328
6383
6441
18816
6232
6261
6291
8791
6579
6574
6274
6187
6407
6329
6391
6261
6359
6344
6740
6404
6294
6301
6371
6211
6205
6307
6230
6241
6554
6234
9232
6375
6591
6497
6409
9946
22372
6429
18438
6321
6273
6741
6770
6236
6513
6228
6361
6253
6292
6168
6564
6224
6327
6824
6581
6141
6682
6087
6248
6757
6222
6407
6446
6557
8639
6162
6414
6478
6498
6295
6232
6256
6232
6676
7202
6256
6510
6300
8463
18892
20679
18826
18232
6243
6344
6241
6404
6367
6319
6191
11927
6385
6155
8931
6365
6796
6444
6344
8630
6317
6396
6190
6222
6081
6446
26294
6425
6211
6213
6559
7195
6523
6454
6236
6388
6127
6416
19677
19004
9054
12233
19699
6637
6790
6101
9429
6506
6824
6528
6652
8846
6498
6260
6146
6159
6224
6421
6343
6719
6334
6176
6225
12358
6170
6292
6283
9491
6348
6478
6190
6251
6321
6461
6333
6229
6224
6345
6576
6247
6159
6501
6329
6354
6183
6074
6537
6485
6364
6350
6343
6440
6358
6748
6411
7198
8730
18721
6078
6271
6365
6326
6281
6347
6196
6613
6348
6309
6227
6392
6292
6555
19904
6464
6299
6137
6275
6367
6293
6245
6360
6246
6227
6306
19613
6202
6228
6187
6336
6597
6514
6298
6318
6285
6891
17180
6178
6057
6291
6318
6704
6307
6275
6325
19863
7207
6239
6119
6246
8932
7784
6245
6318
6422
6447
6346
6320
6375
6277
6201
6581
6706
6148
6507
6329
6138
6386
6437
6467
6370
6219
6473
7200
6411
6398
6305
6268
6889
6544
18588
6391
6195
6231
19492
6267
6435
6462
6120
6086
6796
6358
6340
19050
6244
6433
6215
6581
6452
10316
6633
6413
6523
9204
6448
6224
6893
6471
6469
6546
6572
6338
6566
6467
6381
6347
6567
6058
6088
6261
6249
8496
7556
6889
6254
6478
6697
6581
6049
6112
6133
6307
6658
6416
6443
6525
6167
6192
6359
6806
6448
6329
6224
6234
10670
6364
6172
6164
6068
6417
6422
6295
6125
6237
6227
6634
6559
6145
6236
6642
6178
6383
6549
6264
12116
6470
6418
6261
6476
6224
6258
8562
6632
6240
6270
6332
6379
6509
6265
6177
6205
6303
6068
6578
6488
6429
6203
6437
6846
6199
6186
6647
6353
17610
6325
6311
6456
6211
10926
6681
6136
6192
6821
6229
6449
6437
6269
6189
6202
6658
6576
6183
6173
18102
6250
6256
6312
6397
6134
6629
6289
6478
6203
6311
6172
6301
6821
6210
6317
6259
6424
6770
6133
6203
6429
6379
6188
6383
19006
6227
6196
6375
9620
6448
6319
6307
7193
6256
6354
6141
6189
6305
6300
9453
6250
6091
6374
6219
6224
6186
6212
11402
94312
9445
6438
6254
6216
6255
6489
6295
6270
6366
10469
6540
6771
6551
6542
6439
6508
6594
6311
6521
6592
6737
6315
6457
6746
6172
6223
6613
18643
6729
6599
6272
6489
6083
7974
6513
6463
6272
6492
6834
6465
6145
6174
6595
6388
6735
6200
6237
6445
6245
10242
11527
6458
6423
6525
6522
6385
6274
6377
6487
6473
6977
6273
6468
6444
6278
6365
6120
10577
6238
6151
6266
6758
6344
6255
6315
6284
6246
29386
6510
6222
6208
6159
7058
6328
6433
6206
18140
6613
6236
6202
6119
6181
6416
6265
6321
6193
6167
6401
6660
6254
6676
6250
7775
6316
6164
6396
6377
6365
22470
8922
6278
6340
6894
6522
6208
6099
6283
10476
6222
37207
6325
6167
6895
6896
6597
6332
6160
6119
