7948
7855
7595
9299
9806
8145
7796
7823
8277
8310
7857
7989
7595
8603
8966
7780
7724
7773
10403
7686
27907
8846
8183
7891
8149
7998
10815
9182
7976
8187
7801
10669
12651
8032
7879
7593
7716
7695
7854
7918
7793
7762
7884
8669
8514
9906
7840
7863
7988
11504
8928
7720
7808
7650
7855
10379
9551
7808
8055
7752
7727
11567
9050
8157
7958
7872
7756
10692
8238
8134
7793
7804
8463
40927
8025
7886
7999
7983
8812
8275
8126
7835
7762
8271
8958
8837
7699
7698
7488
8310
9200
8039
7896
8173
9176
9479
7815
7766
23378
8603
8325
9437
7700
8074
8461
8189
7823
8159
8866
8487
8121
7819
8113
7884
8040
7999
7693
7489
8402
8603
7835
7878
7552
8028
8196
8395
8052
7930
7731
7826
8331
8353
7860
8045
7967
9242
7758
7541
8000
7875
8613
13891
7760
8715
12730
8166
8584
8361
8326
8262
8060
8205
8517
11906
7922
8030
9064
8368
9399
24038
8046
7992
8239
8323
8969
7911
7727
7989
8020
7939
9023
7849
9668
7907
8751
8576
8130
8022
8662
8197
10746
7984
8009
8062
8488
10836
7822
7998
8511
8257
8470
7851
8099
8107
11337
9301
8060
7843
7784
10520
9741
7725
7901
7683
11251
8016
8074
23885
7887
8199
8201
10150
8660
7898
7806
7963
8755
9341
7952
7804
7909
8461
8713
7881
7807
8070
7715
11445
9036
7791
7567
8273
7886
8697
8611
8038
7996
8011
8731
8977
8049
8042
7875
7669
7952
8123
7810
8183
7589
7926
8246
8512
7647
9848
7645
7708
8531
8163
7878
8178
7827
9312
7919
8529
8359
7944
8247
8111
7991
7927
7807
7619
8000
8023
8420
8072
8121
7991
7816
8500
8410
11761
7803
7585
8287
8021
7682
7556
7927
12271
8501
8314
7534
7633
7783
8166
7848
8048
7992
9302
8437
7962
11485
7875
7873
24467
8764
8045
7751
7871
7528
8251
8166
7799
7789
8119
8706
9452
8522
7994
7909
8391
8126
8007
7992
7926
7740
8156
7903
7902
7700
7519
13615
8148
10969
7716
7952
7867
8133
8887
7921
8427
7745
7938
8618
8189
7753
7768
7768
8983
8495
7955
7947
8672
8050
20729
8734
7622
7669
7728
7521
8403
8241
7723
8011
7425
8271
8067
8036
7877
7742
7767
8204
12138
8120
7970
7865
7701
8293
8001
7718
7857
7900
9122
7601
8478
7534
7758
8576
8047
7763
7521
8002
8072
11148
9019
7970
7976
7972
8030
8669
8442
8257
8430
7783
12802
8992
7877
8100
7549
7480
8231
8682
7548
7824
7781
7586
9120
9378
7884
7566
8111
7975
8346
8123
7970
7669
7978
8526
8487
8103
7938
7530
7772
9040
7930
7669
7432
7634
28504
8781
7890
7675
7996
8065
7882
12046
8349
7814
7916
7862
13459
9159
7926
7872
7731
7769
7637
8201
8755
8002
8024
7975
8000
8161
9544
7753
7933
7872
8619
9237
8127
7812
7571
7891
7730
8127
8576
7868
7917
7657
7891
9486
8151
7723
8097
7744
11645
8133
7858
7785
7756
8724
7926
8090
8029
7690
8392
8963
7863
7928
7858
7776
8193
9080
8093
8165
8522
12543
8977
8147
7935
8293
14523
8661
7608
7521
7713
7886
8161
8283
7639
7905
8420
9288
8845
8587
8402
31719
8930
7930
7964
27527
7715
8833
8807
8057
7775
7585
8007
9194
10798
8072
7796
10984
8435
7704
7612
7929
8462
9867
7775
7806
7672
8128
8181
8095
8267
7967
11979
9508
7968
7934
8240
8535
9104
8224
7665
8165
8067
8444
7681
7858
7780
8168
8576
8810
8179
8108
8129
8688
8419
9218
24737
14646
8849
7922
7686
8422
8080
9571
7706
7994
7803
7966
8611
7878
8490
8018
7939
8452
8183
8003
7964
8170
8189
8041
8134
10690
7806
8060
8177
8506
7842
9424
7784
8436
7781
27155
7952
7710
8103
8978
8030
8038
8192
11314
8478
7801
7885
7827
7797
8352
20642
7985
8147
7764
7962
8237
8024
8042
8398
8520
14883
12066
7828
8044
8034
8302
9795
7960
8589
8284
8199
9237
7874
7625
7872
7990
7811
8932
9083
7868
8681
7801
8155
8462
8055
8064
8017
7891
8371
12077
8151
8369
8139
8119
12620
8304
7983
8049
8686
8511
7913
8136
8115
7920
8087
8985
8270
7814
8168
7913
9148
9039
10430
8012
7897
8254
9567
8843
10990
21161
8575
8210
10767
7794
8019
7795
7842
8362
9641
8072
8091
8415
7737
8137
8690
7967
8354
7790
8050
11439
7974
7897
8000
7642
8356
28425
7837
7877
7698
8295
11278
8096
7835
7574
7969
8041
8224
7903
7949
7881
7854
8766
8035
8404
7966
7804
8330
8318
8469
7625
7733
7716
8052
8895
8784
7979
7639
7861
8353
9210
8221
8461
8405
7894
8269
8428
7816
7824
7816
10775
8256
7975
7675
8050
8197
7832
24235
9714
8010
7830
8056
7917
8480
8445
8203
8172
8086
8015
8757
8778
7786
8337
8099
8159
11342
7695
7800
7514
8067
8428
8862
7869
7681
7742
7578
8311
8651
8176
7910
8081
8623
7766
7917
8504
7625
11943
12095
7691
12671
7800
7957
8605
7923
7931
7722
7903
8308
8050
7732
7779
7832
8541
8059
8040
7910
8016
9111
10664
7748
7648
7584
9767
8431
7949
7727
7797
7694
8110
9389
7558
7685
7768
7803
7991
8940
7981
7815
7846
7860
8052
8314
7964
7947
7843
8160
8274
8720
7934
7552
7487
7932
8597
9063
7839
7763
7905
10798
8381
7920
7896
7754
7852
8008
8058
8945
7968
8247
8264
8142
9838
8410
8227
27665
7774
9051
8444
8402
7722
7452
8210
9344
8663
11991
7998
8489
8369
8213
7735
8150
8196
10303
8133
7899
8089
7914
8228
8997
8108
8050
8093
8879
7597
7624
7550
24434
14988
9282
7811
7862
8103
7848
8407
7993
7925
8008
8208
8437
8132
8170
8373
7750
7531
8328
7888
7897
9652
7881
8505
8339
7844
8115
8156
8026
8780
8047
8189
8128
8103
8442
7965
8253
7611
7617
8135
8296
27049
8357
8318
7794
7751
7973
8099
7994
7916
8890
8090
8062
7855
7573
8291
8145
7980
8000
7869
7852
8686
8009
8346
7755
7926
8499
9136
8315
7980
7850
11004
8127
