48131
48531
47494
47117
46896
47801
47356
47672
47853
49657
72238
48900
73943
48867
48758
49448
48728
48749
48823
50065
48785
49326
47216
48400
47552
48176
47225
46944
56432
47892
47121
47292
47110
47567
47434
138438
47377
47528
45964
46182
46245
46144
46283
46564
46157
46292
47000
46304
45696
113139
46159
46168
56844
45981
95017
46610
46038
46214
45579
46491
46167
45934
46296
46191
46252
45749
46240
46087
46170
47485
46109
46168
46706
46493
52792
47588
46095
45992
46372
45679
48725
46405
46516
47667
46184
71312
45977
46439
44950
44947
45357
45527
46461
46909
46340
46538
45988
46454
45870
46208
65762
70258
46857
46180
46159
84098
47154
155511
46520
47490
46112
46599
141304
65557
46756
47424
48045
47310
47728
57282
47004
48079
47378
45926
46191
115388
49620
46022
47002
45898
46808
46143
46208
46314
45591
50151
46034
60403
46188
48935
45841
46198
46665
47108
45837
46901
46036
45926
57365
49063
66072
46246
45693
50175
46010
46069
46292
66868
46265
45880
45671
45633
63607
45928
46104
46137
64662
49852
46362
146548
75987
76829
46539
46165
46117
45909
45878
69481
45885
45945
46524
47804
48804
45135
44992
44943
66398
44866
48558
45538
46191
46089
46368
49399
46016
46251
46031
46313
98827
46528
46330
46634
46305
47012
45814
46384
82272
49435
63376
48787
46250
49927
45901
47532
58482
46896
45693
44421
44972
45126
65787
47721
47332
45954
46324
67030
46696
45819
46828
71898
46112
46173
46116
46227
46084
46896
46628
45573
48838
65318
47390
45766
63086
46391
45658
46134
45776
100669
46116
372520
154054
51798
46816
46515
46138
46363
46036
46185
46238
46167
66998
45990
46337
46407
46222
46494
46585
46092
141924
44810
45848
45009
45340
45413
45034
158039
46289
46392
45875
46198
46114
46182
46483
47143
46185
46403
62730
46298
72904
45793
71432
46112
46977
45620
47424
45804
46773
48274
46226
45668
46885
46673
48849
54394
46222
205015
47673
46087
48954
45829
45954
45661
47167
45184
44993
44987
61944
45095
45599
45867
46587
46121
46504
45795
46331
46257
45816
86792
46105
46233
46352
52147
46155
46730
46572
46694
46965
46249
46109
46548
47031
64318
45549
49611
46205
46209
46110
46179
154876
45422
45918
46509
48230
176561
48933
46171
53449
46289
46694
45920
46109
46091
46193
45816
45890
45989
46318
46730
45884
46073
46279
46296
46394
46247
46329
44865
70848
45247
45421
61847
46499
50432
46130
46077
46985
46054
49784
46015
46081
46250
47045
46879
46831
46213
46324
141046
46826
46511
46084
46250
50787
46465
55979
46259
46395
91681
46131
46172
46228
46412
46215
48408
46184
45854
49388
45945
56883
46263
74200
46655
44858
45521
54624
44950
80428
46664
46042
45952
47314
48997
67229
47436
47320
46926
45925
46000
45904
51817
46334
47041
45618
45616
46439
46269
47354
45959
46654
46209
46359
46451
59112
66329
46302
46469
46424
46595
46073
165224
46231
46042
46457
46337
62585
45024
45030
44934
45104
44870
46978
46537
46008
45937
46260
46119
47109
70399
46280
46095
46385
46204
46370
57418
45973
46957
46410
46258
46140
46678
46418
49496
46528
46166
47189
46300
46166
45847
47667
45846
65893
45805
46023
71264
46135
46195
46867
46234
46343
142430
45968
44654
94338
48774
45342
45098
44421
66222
142233
98350
45624
46000
46495
46519
46627
46410
46303
49257
46187
67965
46628
46090
45960
46235
46210
62964
46165
46473
46564
46140
46736
48817
46407
46507
46312
48704
49624
45772
46434
46153
46803
145173
87029
46079
45924
47526
46231
46319
176327
45818
47373
48938
47126
47694
51106
46971
47332
47086
47611
47864
46228
46174
45619
48477
46280
46157
46121
46088
72295
46779
46159
46058
46011
71239
46129
46718
46234
45659
94767
46406
45924
63333
45541
151584
46131
46423
46065
46057
71880
46181
46330
46222
65487
150828
47164
46069
100888
46750
48779
45750
46321
49307
45696
45778
46553
46276
75583
45245
44506
44788
45045
45725
89678
47061
46125
46114
46321
53854
99460
47547
45988
46320
46820
46110
46347
46134
46351
103875
46307
45824
46023
45768
46149
46437
47240
45753
45268
83379
170318
44623
45575
45122
46742
46168
45963
48928
45717
46610
149968
45898
45628
66428
48916
46083
46623
46141
71227
46161
151543
47256
46805
47345
46052
44812
44460
45070
48589
45257
44898
46110
46096
46310
46138
45783
45755
46159
50316
46164
45616
94825
45974
47476
45885
45093
44969
57095
82087
47180
47977
45373
44759
46557
45820
45892
46270
46272
49578
46608
46520
54890
45894
45890
46755
46711
46230
45142
55780
45241
44907
46034
45172
46343
48649
45984
46423
47068
46603
46322
49640
46196
83548
46393
46589
46572
44637
44897
44954
45463
63705
45118
44819
45017
48618
45539
45812
46404
67384
48994
46088
46084
46961
63894
46603
46418
46132
46230
49058
46196
46201
46265
46425
46275
152615
44790
44900
44866
61335
45099
49372
46547
46846
46361
68460
46355
46008
45854
48947
48963
48826
47347
46206
46024
48629
100689
48375
47396
48919
47741
48275
81286
49923
101697
71026
47347
47318
47449
47695
48036
47524
47055
47039
56730
46644
47192
46939
46760
64587
48846
46466
46147
53954
98723
46429
46242
45871
46129
94251
46140
58859
45619
45873
46919
46008
56013
46244
45778
116383
46075
47024
46192
46486
48991
46349
45614
45907
49322
46224
47024
45657
45655
47209
46706
62954
45090
44893
45329
45053
46129
45905
50614
46163
46342
46524
45570
47512
47044
46197
103401
46112
46328
45998
46430
49868
46142
46255
46936
46120
163130
46126
46415
45962
46390
107117
45907
46021
46289
46359
94727
150671
159408
94011
83201
49318
48554
96040
48841
83824
74619
74756
49307
65263
49780
105899
51391
51571
64348
50192
50074
66101
49927
50593
58682
49528
48944
48973
68002
49022
48770
49110
48666
48116
785572
147815
167845
182633
146210
51772
51671
63953
49898
157531
51409
50888
49093
48037
48405
49104
48111
48731
48701
48837
47511
47048
47470
47419
48046
46971
48569
48150
48212
48337
47321
47985
47848
48360
47282
47588
47596
47002
47863
48539
47527
47497
47508
47730
47494
47422
49399
45796
46754
46434
46459
46141
47114
45547
55306
48717
46668
47037
55586
47162
45868
47110
47194
46518
193771
46757
47328
46554
60597
45837
48639
157961
47906
47716
47566
47145
47684
47445
47232
47446
47111
47990
74042
47600
48114
47448
47500
47434
47759
47416
47888
