22367
22593
22335
22454
22401
22794
22504
22407
22778
22249
22994
23856
22459
27556
22545
22612
22606
22329
22493
22345
22483
22653
69107
22237
22518
22316
22781
22630
22811
23882
22192
22502
22721
22282
22376
22434
22607
39825
23013
26983
22544
22500
22451
22322
22762
22558
24481
22541
77597
22647
23575
22287
22403
22691
22365
22480
22296
22735
73890
22678
22401
22360
22642
22358
22561
22385
23490
22083
22439
22485
22355
22185
22395
22969
22589
22384
22211
22720
23182
22812
22027
22255
22302
22304
37709
22646
22992
22428
22588
22480
53151
22313
22486
22551
52662
23016
22349
22578
22166
22352
25197
22334
22346
28731
23026
22331
22566
22313
22389
22194
31503
22587
22422
22396
22377
22546
22341
22521
22104
22827
22150
22712
23666
23215
43182
22751
22146
41757
22358
22499
22777
24038
23084
22527
22489
22844
22408
22529
25545
22481
22609
23026
22585
24269
23033
22488
22016
22559
22244
24165
22304
22319
22590
22567
23437
50522
22639
22431
22366
22424
73240
22398
22554
23084
38779
22363
22578
23143
22178
22351
22823
22655
22255
22356
22339
38760
22331
22638
23211
22267
22494
22469
22097
22509
22174
23260
22444
23434
22540
22710
22343
23746
23128
22292
22474
22550
22343
54847
23243
22114
23090
22445
132305
24099
32870
22435
23216
22300
38247
23054
22120
22295
23523
22403
24331
22691
23404
23825
22304
22833
80685
22469
22168
22436
22854
22432
22457
22567
22308
30167
23054
22387
23323
22543
23216
23027
22453
31065
22589
34937
22259
22424
24036
22630
59351
24462
22650
23684
22299
36267
23158
22501
22448
22474
22812
22766
22358
22547
22594
42279
22561
22419
22365
22385
32620
22542
23317
22521
22696
22695
22598
22387
22651
22356
22651
22504
22817
22589
22799
59109
22146
24207
24094
23410
22993
22553
22892
22646
22513
22541
22371
22279
22504
22301
22699
22422
22817
22508
22290
22724
22801
22735
22755
22581
23651
22390
22492
22391
24314
22568
22668
22323
22874
22599
23856
22324
22385
22168
22570
22333
51131
22171
22265
22418
29773
22424
22458
22540
22738
47668
22801
22393
22551
22314
33688
23918
23718
22404
22436
22112
22798
22803
30856
22279
22304
22448
23870
22485
22541
22639
22649
22535
22834
22416
22500
22407
111029
23153
23590
22491
22528
22869
22566
22299
22565
66594
22282
24166
22463
23147
23320
22952
27294
24345
23116
25712
23078
23207
24058
23469
23024
24381
22855
23680
23472
25072
22787
22920
22879
23482
22919
22917
23103
23378
23116
40000
23015
23220
23104
23200
23243
23940
23181
22921
23846
23120
23104
23241
23106
22891
22932
25325
23623
23131
23020
43377
23098
24077
22819
22565
22964
22875
23003
22959
23737
23121
23124
23392
23314
22821
23088
23240
23038
23146
22876
23274
22901
23644
23261
22954
23234
27175
23310
22906
23144
22886
23742
23803
22999
23491
23191
22771
22987
22750
24066
24439
48581
23410
23511
23180
68188
23254
22956
23540
22540
22649
58843
22683
22156
22535
70134
23207
43538
24037
23444
23187
24154
22866
23125
22734
22909
24876
23052
23110
23103
26151
22681
24004
22936
22878
23051
23021
23185
24457
23275
23226
22900
71848
76321
23790
35429
48569
25643
23961
24258
24599
93091
24952
24965
24598
77786
49253
24732
24859
24950
81050
25018
25042
24264
24650
105198
62999
48873
49503
151452
26896
75454
25813
25653
26293
25465
24824
24877
76548
29477
24038
24463
24687
35159
24318
24499
24298
23563
23710
23674
23914
23537
23577
23553
45920
23410
24164
24425
23556
23625
23477
26530
23918
23673
23475
22819
131369
25219
22976
23041
22686
37485
22992
24025
23217
23161
32429
22911
34456
29257
100761
22910
22966
23012
23499
26318
22982
22949
24441
23201
23506
23384
23980
23056
34167
23557
23610
31743
24009
23897
24001
23406
23636
34861
24526
23426
23643
41331
23405
23625
23704
23565
24203
23437
23667
23115
23047
31855
24277
23137
32190
23352
57366
23143
22899
42680
22775
72384
24442
22940
23191
23418
22917
23058
22727
22936
23096
23098
23042
40852
23023
68699
43742
24526
25114
23097
23005
34131
23328
22893
23214
22591
23926
23789
22815
22968
29371
23135
22825
23215
23064
23169
22748
23145
23377
23458
22964
23322
22795
27935
23171
22694
24640
71495
24060
22824
23022
23824
45622
26129
22999
23216
40182
23008
23229
23059
23079
22846
22997
23291
23102
23054
23047
25434
23491
22807
50635
40141
22974
24573
22920
24141
23866
23338
23144
23461
23107
22946
24994
24907
23071
23341
23018
23318
22954
23100
22769
48734
23204
22858
24663
23118
23213
22921
22836
40159
34093
23409
23158
23195
23057
22952
22858
23655
23008
29900
22782
27603
23777
23084
85219
23248
23294
22826
23694
22792
22989
22865
24833
23226
23202
23293
22784
50567
31954
23420
23283
23229
23268
23130
22838
23352
23461
22960
23002
23064
22909
23418
23333
23427
23117
22989
23109
23726
22869
22198
22351
35742
22995
22304
22828
23003
23162
23060
23132
22851
48401
23491
22949
23529
23440
23300
24016
23051
23109
23172
40782
28932
23475
23309
37071
22969
23269
22776
22995
22965
24074
23226
23449
23173
23058
23174
25302
23174
73824
76826
23112
22833
58924
76777
22810
23543
120823
23092
71998
23194
23176
118816
22874
68038
22826
35853
24896
23503
23019
22872
38827
23262
23124
23012
24271
33448
23093
23034
23255
48913
23670
23264
23009
22940
23714
22473
22436
22743
107556
22565
22578
22407
23018
23309
23100
23252
22878
23267
31900
23050
23414
22847
23045
23716
23069
23152
39740
22775
24800
22798
23148
22769
34570
54470
22461
22285
22162
22419
22517
24117
22907
22813
22937
24405
23819
23515
24544
24164
75741
26211
25006
24758
25651
25139
24304
24473
24459
24285
24289
24306
32771
23313
23581
23520
23531
24116
23452
23739
23657
23655
24428
29124
23687
23333
23446
23969
35867
23399
23624
23403
23204
23135
22785
23251
22889
23004
23017
23168
23068
59994
23094
23113
24582
24076
29891
22799
23147
22927
23378
24373
22922
24350
75158
74936
24794
23588
23619
24595
24210
24857
25048
25092
31543
24389
24418
24790
24027
24729
24203
23425
23609
23837
24220
23391
23738
23404
23767
76030
24116
23704
23543
23915
23936
23512
23731
23778
23041
23318
23418
22963
23413
38477
23705
23173
23349
22736
24609
23090
74598
25253
24367
23395
24426
24633
34689
77957
24872
25182
25175
