6629
6643
6753
6772
6579
6391
7219
6622
6273
7222
6804
6504
6442
6902
6455
7032
8017
6399
6572
10657
7500
6341
6416
6290
6859
7627
6870
6550
6434
6583
7063
7440
6387
6436
6374
6312
6822
23117
6401
6683
6551
7223
7468
7105
6556
6505
6525
7174
7049
6398
6326
7158
7870
6591
6509
12205
6462
7163
6845
6390
6475
6384
7272
6894
6566
6539
6617
6227
10382
7557
10050
6654
6527
6614
8030
7954
6510
6318
10374
7118
6487
6312
6419
6342
6594
6722
7344
7317
6799
6339
7046
6786
6649
6462
6798
7213
7013
6703
6774
6434
6451
7195
7425
6552
6355
6403
11713
8709
6919
6245
6215
8872
12599
7799
6532
6658
6315
6660
8315
6497
6803
6417
6492
7012
7055
6451
6253
6458
6407
6403
7138
7040
6391
6605
6396
6863
7277
6761
6430
6351
6451
6903
6597
6283
6265
6385
6589
6376
7151
6716
6784
7130
6448
6509
7469
6924
6497
6796
6429
7974
6747
6509
6468
6401
6729
6975
6403
6419
6385
6193
6767
6890
6589
6468
6339
6553
6320
6705
7846
6695
6552
6382
6615
6441
6706
7103
6687
6432
6517
6404
6904
8136
6471
6529
6566
6598
6309
6410
6980
7435
6552
6376
6433
7291
7676
6829
6431
6780
6583
8355
6510
6726
6405
6888
6561
6576
6613
6421
10338
6972
6932
6588
6724
7143
29445
6612
6847
6320
10023
7480
6478
6267
6320
7244
6616
6755
6654
6435
6373
7106
7304
7009
6565
6733
6857
7348
6486
6585
6781
6578
7426
6706
6298
8582
6866
7347
7025
6667
6787
6617
11805
6858
6476
6312
7596
9932
7705
6699
6428
7247
7439
6477
6593
6314
6823
7039
7576
6824
6597
6310
7083
6988
6555
6405
6709
6801
9541
7532
6594
6751
6777
6597
7412
6665
6411
6403
6533
6437
6739
6722
6477
6641
6619
6933
6627
6454
6519
6576
7119
6548
9989
7151
6516
6930
7061
6262
6624
6442
8378
6573
8043
7533
6493
7354
6589
10306
7621
6568
6991
6584
6924
6636
7050
7356
6462
6246
9766
6932
9758
6240
7309
6675
6265
6728
7795
6753
6924
6692
6558
6953
7639
6629
6234
6395
6899
6902
7125
6411
6363
6232
6468
6829
6587
6350
6546
7178
7115
6536
6411
6652
7020
6482
6433
6189
6350
9939
9892
6409
6491
6498
6639
28705
6483
6599
6600
9791
8060
7124
6782
6525
6636
7820
6610
6530
6335
6203
6325
9209
7389
39339
6357
6436
6647
6584
7670
7044
6492
6613
6683
6499
7256
7303
6156
6646
7062
9421
6613
6424
6448
6408
6261
6561
6988
7059
6393
6248
6338
6311
9279
8005
6678
6470
6399
6602
6717
7415
6547
6348
6327
6918
7323
6380
6264
6450
6536
6592
6743
6456
6667
6312
6463
6522
7112
11165
6557
6437
6719
11072
7847
6707
6635
6792
6288
22742
9014
6305
6203
6439
6559
6201
6477
8080
6347
6468
6621
6340
7078
6879
6634
6505
6558
6250
26511
6790
6385
6220
6315
6612
7716
7944
6298
6443
6213
6231
6727
6711
6461
6439
6379
9910
7236
6517
6353
6203
6530
7313
7628
6512
6459
6572
6793
7376
6658
6367
6221
6632
7125
6549
6403
6847
6477
7265
7310
6522
6684
6348
6474
6149
6387
7782
6597
6445
6415
6628
9654
6686
6570
6382
6438
12188
7434
6464
6999
6837
6541
11240
6769
6325
7191
7228
7246
6567
7165
10563
8268
6823
6563
6999
7415
6999
6490
6410
6782
6708
7303
6680
6697
8740
6606
6301
6659
6580
6653
6419
6331
6392
11367
6509
7420
6642
6449
6884
6785
7125
6838
6668
9097
6459
7179
7719
6682
6368
6864
6189
6458
7671
6452
6587
6605
6830
7323
6565
6509
6594
6486
7823
6630
6814
6855
7137
7864
6443
6248
6457
6646
9801
8436
6463
6527
7623
6815
6712
6607
7466
6476
6773
6516
6615
7041
6544
6459
6464
6325
6484
7586
6473
7213
6569
6457
9783
7743
6645
6602
6530
6758
6534
6482
6545
6476
6727
7841
6538
8742
6250
6373
6438
7229
6485
7131
6446
6532
6627
6949
8552
26030
6686
6467
6893
7046
7141
6853
6578
6743
7081
7062
6671
6329
6078
6604
11621
6811
6620
6560
6421
6243
6569
7163
6766
6438
6350
6514
6677
7370
6455
6581
6546
6914
8273
6805
6465
6685
6523
6240
6460
8031
6558
6318
6493
6344
6749
6836
7456
6534
6657
6682
6770
7476
6570
6422
6398
6456
7088
6372
6305
6774
6357
6329
9383
6832
6432
6569
6473
6600
7154
8048
6500
6750
6500
6321
6949
7545
6457
6276
6398
6276
9255
9426
6475
6326
6334
6378
6511
7247
6502
6546
6221
6433
6885
8951
6524
6882
6448
6628
7469
6690
6691
6606
6514
6277
7426
6475
6398
6356
6600
6527
6622
6747
6801
6626
6957
6528
10433
6475
6472
6501
7355
7597
6624
6800
6366
6501
7363
10820
6337
6381
6323
6150
6146
6273
7186
11709
6548
6919
7031
6802
6447
6454
6522
6517
6844
7055
6463
6498
6442
6709
7847
6597
6611
6270
6291
6942
6995
6424
6381
6406
6347
7163
6899
6692
6366
6615
6758
7160
6499
6762
6430
6838
7006
6922
6398
6494
6750
6957
6746
6432
6666
6238
6173
6359
6623
7011
6853
7268
7333
6977
6564
6861
6770
7227
7239
7102
6431
6663
11488
7332
6578
6384
7001
9764
7335
6774
6444
6286
6904
6985
6756
6585
26241
6419
6838
6910
6767
6526
6744
6695
6930
7019
6965
6322
6715
7024
7590
6543
6700
6186
23926
6333
6929
6604
6379
6654
6666
6926
6673
6977
6598
6557
6684
7299
7294
6603
6666
6808
7013
7451
6489
6604
6812
6868
6478
6344
6950
6655
6520
6808
6322
6474
6529
6745
7414
6985
6754
6671
6482
6780
7241
7028
8095
6424
10125
8126
6678
6659
7047
6481
6261
6542
6761
6677
6393
6650
7007
6739
6628
6548
6535
6860
8069
6910
6887
7474
6374
7182
22953
6541
6626
6484
6928
7430
6617
6220
6705
10087
7930
6396
6921
6378
6128
6309
6750
7771
6948
6589
6289
9916
6547
6928
6431
6508
8807
7210
6561
6464
6471
8907
6874
6674
9816
6582
6553
