5410
5172
4455
4069
4654
4367
4505
6086
4875
4282
4256
4217
4417
6843
4665
4240
4140
4244
4773
6728
4397
4320
4285
4443
4791
4961
4585
5682
4139
4951
4367
4488
4223
4166
4282
6332
4793
4477
4383
4450
6400
5382
4670
4390
4484
4611
4507
4516
4886
4602
4296
4369
5005
5070
4647
4381
4321
4569
5642
4380
4615
4557
4719
4707
4937
4337
4399
4175
5214
6692
5210
4503
4242
5150
4874
4287
4878
5203
4370
4266
4242
4152
4580
5462
4507
4266
4554
4248
4832
5555
4475
4278
21530
4287
4768
4877
4299
4708
4542
4396
6349
5372
4694
4516
4646
4579
4329
6761
5392
4245
5276
4305
4590
5217
4499
4339
4108
4569
4658
4743
4814
4395
4283
4357
4000
4501
5000
4411
4344
4323
4514
4849
7935
4346
4177
4259
4357
5243
4765
4573
4383
4576
4897
4429
23781
4606
4536
4440
4672
5261
4562
5687
4431
4287
4309
6244
4208
4377
4311
4662
4997
5601
4285
4515
4284
4445
25989
5598
4500
4761
4303
4222
4624
5164
4259
4719
4228
5364
4741
4395
4575
5581
4232
4404
5023
5385
4471
4316
4474
6798
4873
4239
4771
4331
4109
7621
4864
4591
5406
4411
4270
4808
4516
4404
4691
4834
4145
4903
4955
4637
4468
4168
4229
4690
4399
4505
4605
4253
7285
4922
4234
4490
4547
4218
4638
4667
4892
4650
4225
4048
4386
6692
5300
4584
4428
4193
4138
5000
4541
4588
4389
4243
5992
5273
4250
4761
4420
4096
4952
5592
4439
4805
4391
4776
4310
4632
5033
4497
4532
4185
4117
6000
5333
4330
4361
4680
4315
4121
4959
4692
4491
4369
6839
4943
4541
4447
4287
20387
4422
5325
4462
4339
4343
4151
5398
4232
4406
4776
4216
5999
4774
5016
4495
4203
4456
4818
4923
4322
4051
4588
5077
5179
4652
4644
4798
5199
5222
4249
4128
4317
4679
5305
4464
4541
4487
4225
4581
6522
4726
4896
4853
4245
4356
4373
4713
4461
4278
4081
4084
4897
5405
20855
4472
4629
4610
7236
4755
4772
4235
4259
4874
4381
4635
4981
4314
4209
4109
4482
4117
4630
4546
4693
4144
4310
4338
7402
5040
4442
4245
4255
4687
4256
6670
5324
4437
4772
4268
4340
4642
4812
4255
4196
4332
4470
4554
4373
9266
4219
4251
4073
4365
4995
5400
4486
4256
4380
4149
5201
5726
4377
4327
4480
4425
4331
4799
4986
4177
4332
4096
4510
7337
6458
4485
4476
4050
4112
6278
5309
4563
4392
4271
4264
6158
4943
4629
4238
4323
4224
4674
4328
6086
5343
4442
4245
4219
4099
4440
5501
4249
4413
4525
4183
4093
4981
5217
4766
4567
4361
4378
4471
4608
5350
4392
4311
4435
4635
5160
5996
4382
4337
4347
4517
26696
5288
4402
4169
4254
6785
4928
4481
4182
4262
4278
4374
4634
4901
4469
4294
4491
4145
4315
6710
4578
4339
4220
4323
4611
5161
4562
4432
6412
6398
4497
5603
4363
5362
4044
4701
4874
4436
4225
4229
4336
6627
4330
4609
4399
4763
5487
4260
4587
4416
4454
4280
4979
5450
4347
4327
4230
4258
4082
4514
4710
4503
4684
4342
5872
4842
4541
4459
4143
4482
4838
5763
4431
4338
5223
4671
4491
4356
4226
4944
5319
4576
4341
4374
4735
4377
4152
4419
4742
4916
4896
4260
6285
4197
4668
4659
4810
4685
4164
4658
4420
4729
5030
4561
4351
4264
4550
4752
5028
4396
4193
6132
4347
4784
4641
4414
4617
4256
4376
4627
4205
4382
4315
4508
5947
5534
4412
4331
6668
4315
5131
4877
4488
4365
4358
4809
4310
4377
4538
4343
4890
4968
4243
4396
5065
4239
8516
5057
4211
4819
4393
4204
4847
4436
4284
4284
4463
4330
6759
5343
4288
4768
4359
4291
5175
6212
4422
4542
4359
4271
4683
5186
4393
4380
4319
4653
5037
4859
4685
4402
4720
4542
4345
4697
4543
4436
6589
4581
4419
4828
4627
4360
4583
4643
4310
4777
4849
4148
4420
4323
4031
4428
5018
4598
4287
4101
6018
5665
4629
4761
4754
4495
6742
6153
4437
4997
4181
4360
4129
5224
6113
7192
4254
4694
4967
4966
4286
4412
4133
4565
5507
4702
5495
4524
4311
6371
5470
4614
4306
4239
4662
4830
4888
4327
4360
4297
4357
4491
4771
4771
4519
4312
4211
7278
8432
4377
4485
4235
4203
5239
6896
4335
4183
4319
4594
4462
4466
4906
4608
4173
4698
4591
6559
4877
4585
4666
4253
4078
4146
4677
5263
4623
4283
4244
4518
6002
5633
4525
4419
4608
4295
4678
4936
5453
4455
4461
4079
4412
4710
4612
4702
4137
4531
4540
4645
4958
4221
4267
4201
4359
4681
5297
4682
4037
4412
4182
4407
5400
4769
4279
4515
4218
4341
4650
4822
4371
4543
4139
4234
4224
4901
6088
4346
4189
4215
4136
6641
5232
4275
4149
4251
4301
24052
21487
4722
4621
4330
4521
6173
5244
4938
4422
4286
4156
5181
5380
4585
4288
4285
4085
4289
4584
4552
5174
4306
4251
4162
4257
4846
5925
4838
4465
4250
4446
7661
5850
4560
4265
4168
4384
4365
4704
4963
4208
5037
6048
4850
4740
4407
4624
4376
4521
4095
5118
4336
4112
4541
4330
4324
6956
4667
4419
4135
4355
4086
5023
4671
4421
4286
4155
4240
4857
4605
6356
4672
4295
5252
6099
4698
4334
5005
4524
5653
5532
4481
4259
4590
4533
6563
5386
4351
4618
4952
4314
6761
4674
4735
4575
4427
4257
4607
5173
4613
4510
4533
4289
5691
4793
4352
4180
4241
4431
4833
4939
4283
4935
4544
6790
4972
5931
4423
4528
4367
4785
4971
4729
4277
6406
4388
4341
4877
4585
4497
6403
4257
4489
4750
4761
4393
4516
4253
4614
4520
4366
4441
4313
5390
5937
4523
4796
8059
4703
4472
4395
4212
4326
6320
5630
4398
4436
4240
4073
6463
4509
4435
4413
4323
4614
4321
4754
4610
4177
4171
4311
4222
4573
4987
4850
4127
4482
4224
6142
4486
4664
4492
4096
4130
4247
5640
5223
4310
4411
4425
4075
4817
4482
4827
4449
4504
4088
4245
4717
5247
4207
4318
4097
5141
5174
