40589
40331
64696
40507
42335
41100
71341
41133
40538
40557
40401
58309
40621
41042
40449
43318
40433
40590
41118
42163
39302
40068
39626
39740
42705
41006
90670
148060
40406
49290
42986
43107
40851
42433
40344
132473
40436
48539
42794
40076
40555
40579
69567
41410
40631
40534
40421
40637
41220
40532
40686
41146
62592
40452
41325
40089
42009
40373
40431
40588
41648
40174
40530
40109
42614
40960
40429
40564
40599
40472
41141
40800
40370
39418
39392
39529
39393
39156
39431
39992
107063
40815
40609
40516
76887
42738
40249
40577
40109
41050
40543
40802
40587
40988
41313
43515
106448
88281
41450
40262
40279
40302
40400
40849
40813
42682
40768
40573
42808
42141
39626
60630
39376
79279
40374
40221
40550
67636
41242
40589
40201
40465
41256
39872
75875
94806
43534
51172
40781
42848
44310
40350
40590
39423
59865
39709
39380
62077
39112
39531
41676
40650
40611
41568
40823
40366
40361
40503
40197
39939
60265
40495
57119
40734
40637
42646
40473
41364
46563
124971
40545
46694
40726
40312
40795
40452
41100
40460
67166
39510
39484
39486
39423
39133
55404
40571
40653
40265
41095
40593
41151
40799
41260
41124
40847
40171
41237
40280
40710
59574
40630
83155
41471
40763
43004
40620
61422
40610
40315
131417
40733
43913
102669
40664
40453
40488
40245
40549
41332
40746
40558
40510
41204
44256
40744
40321
40953
148194
40842
41531
40450
40469
60438
64926
41303
40242
40856
60390
40864
40906
40639
79254
40798
40604
40359
41704
40677
44457
41246
47978
71470
41449
40597
40578
88070
42323
40798
40516
53362
40003
40616
41034
40321
40384
40516
40509
40723
42842
40621
41035
40204
40544
40637
40205
40832
40686
40945
41006
41209
40444
78966
40824
40917
40157
40486
40479
55837
41312
40612
40181
40740
40538
40556
40305
40705
40721
40801
42935
40815
41002
41643
40401
40982
42375
40417
40188
79227
40803
40488
40451
40478
43330
43124
40376
40606
40889
40433
40204
40207
40228
53067
40806
40391
40531
39281
58500
39201
39365
39247
128850
40742
40821
40138
40777
40553
61597
40386
41203
40313
41163
40407
40129
40427
40569
43170
40283
40527
40314
71067
41022
40480
39281
39620
39594
39674
39405
39372
39761
49908
71201
40674
40586
40362
40882
40326
40801
40604
41105
40881
40706
40626
40488
40454
40700
40457
40135
40713
72583
73551
57343
40474
39807
39759
42915
40673
40675
40479
40756
40752
43055
40670
40180
40291
41136
40534
40373
40130
42683
39291
39223
38981
39458
40479
40785
40556
40421
56223
40367
40673
131935
58853
40472
40853
40283
42674
42749
41029
89890
40845
40765
40220
41153
40926
40655
95558
102233
109236
56291
71534
43918
43905
44708
43756
143973
42671
42849
42585
85218
43686
45383
61863
43702
45614
43517
89060
71534
143814
45379
45920
45727
45597
45775
44210
147366
128630
136510
132790
130595
44993
45763
45304
46184
70501
45021
43530
79081
45046
42701
42157
75120
42844
42869
42473
42521
42672
42598
41985
41696
73286
41526
41799
42698
41226
41628
42344
41610
41635
41532
42014
41233
42164
41591
41327
41549
139807
42304
40340
40188
43147
41335
40136
41060
40835
63918
40238
40624
39865
40337
43064
40302
40528
40106
40655
40564
43475
40374
40453
40548
40844
60309
40406
40367
40211
40866
43420
41285
40125
40454
40486
57902
40470
40603
41496
41135
40529
40579
40359
43441
42813
130716
40650
40708
40372
40456
58522
42905
40464
40619
40859
41308
41063
60492
40275
81625
40614
42659
40488
40366
82675
39356
39317
39375
42611
39497
57052
38900
50133
40482
40847
40325
40029
94523
40635
40512
41380
40904
40429
41787
42870
41402
41053
59809
40009
40569
69189
40343
57650
39619
39376
39611
42228
59438
40201
125815
40192
40433
40448
40352
40829
40664
40792
40021
40353
58708
43092
42804
40633
55126
40679
40856
57641
41324
40994
41150
40038
40261
41210
40678
57073
41892
40340
40380
42702
39726
39448
39781
39349
39172
39450
39645
39312
40692
40956
40222
43098
61362
40395
40773
40385
41228
50041
45206
40506
40651
40454
40300
90518
40206
41879
140034
42690
42733
41761
42525
41808
41732
41879
42041
51136
42156
41371
41410
61846
41947
41740
41208
41332
41601
43251
41672
42259
41344
40600
40124
40381
43372
40475
40513
42863
40359
40694
40344
72969
41040
40593
40472
40731
40092
40296
40439
108719
40412
41268
109532
40094
40503
41212
40380
40482
40505
40369
41200
40764
40969
41063
60087
41186
130100
40145
40440
65582
39854
39395
56443
39260
60596
40032
39577
39333
40166
39854
39696
39231
40376
41020
40369
41481
40874
39944
40693
40158
43402
41487
40236
40673
40524
40456
40373
41779
40356
40641
67848
40850
39335
39210
39928
39307
40544
40652
40589
40257
124221
40796
40022
40489
43602
39945
41132
40873
40451
41167
40059
40717
40257
41363
39547
114589
39464
39751
39687
39729
39517
40411
41165
40545
40531
41068
43472
52287
41332
40697
40360
40612
40699
45314
40466
40009
40507
40312
40875
39873
39688
39327
39244
39576
42492
40927
40661
40342
40653
40641
40058
40135
40593
40858
41221
40759
40535
40667
40968
40566
40575
40639
40350
40744
39786
39044
39211
39405
82989
39306
41429
39607
39345
60131
42647
41590
40581
40662
40436
42616
40547
40377
40746
40363
40579
40390
40573
41300
40614
39925
43304
40633
41551
41186
121600
40527
40152
40357
40442
50067
40422
40496
41679
40163
40357
40799
40184
43076
50248
124467
40001
40574
40795
40459
43885
40971
41202
40524
40396
40807
59433
40456
40500
64919
40194
46813
43355
41092
40507
40149
65559
40523
40499
40339
40705
41787
41834
42849
42654
43128
42483
42440
139668
42765
42463
54430
42957
42903
41774
40984
41154
41264
52879
41903
41691
55341
41436
41446
41694
41608
41688
41913
42431
40580
40588
40469
40387
40326
108162
40613
41025
40297
103267
40533
40274
40511
40286
42682
40705
40565
40170
60245
133148
42666
41751
43158
44069
42480
42340
42505
41993
41414
41554
41534
41248
41838
41838
41442
41189
42157
41767
41766
41252
41437
41442
41602
41867
41874
41869
41743
41320
41435
52545
41665
41615
41697
41739
41546
46242
50007
41863
41292
41188
42030
41526
41800
133277
59386
44692
43090
42711
90363
133394
42619
42554
43367
42325
41226
41935
41821
41819
42119
41254
41549
41487
41933
41358
41501
41425
43347
43492
42734
42338
42676
43241
42526
51937
42458
43176
