31807
32182
30889
30232
51273
53235
30579
30692
98665
30391
30577
31118
30670
30361
30647
31075
41149
30181
33211
47252
31113
29640
29841
29918
29758
29952
29376
30439
30452
29586
29638
30236
29436
29777
40963
29436
28958
28715
30638
91194
28673
29117
28956
28852
28962
29240
28834
29083
49115
29720
29153
29547
47606
30611
28660
29263
29073
29129
28879
31383
29060
28898
29038
29155
29375
28968
29341
28754
28718
29331
28613
28953
28855
28679
29771
28915
28622
29024
29064
80568
28795
29284
28966
29083
30482
29754
28678
29338
28634
29001
29477
28673
28653
28856
45358
28764
28906
28996
28833
28974
28960
28317
28719
30355
29027
28975
29097
28831
29200
29164
29040
28702
37415
29305
72208
28852
29040
29020
48300
28926
29192
29591
28775
29569
29989
29080
28797
59836
28399
28225
36214
27881
46739
29092
27614
28937
28650
48708
29224
28822
29134
28865
29053
29508
28545
28878
28819
95339
28597
35383
93711
42067
30055
34236
29532
29854
29958
29976
87089
48413
30625
28934
30282
28784
34636
28896
28742
29128
30284
30043
55551
28890
28618
29494
49452
28551
31658
28763
28767
28931
28924
28777
29197
29004
29085
28550
28946
28823
29084
29055
28874
49225
28889
28895
29021
28959
30958
29496
31144
43059
31560
30855
71206
30591
39706
30396
29542
33139
29782
29504
51138
29357
29653
29664
30436
31672
30239
30271
30786
30621
29670
29312
29924
29611
30237
29485
29773
29863
29667
29600
30293
29512
29390
31064
29771
29882
29664
29574
29962
29656
29634
29764
29452
32664
28768
28687
28891
28641
28968
28819
28840
28749
29373
28983
28577
28993
29270
31383
34846
28606
29074
28847
29100
28695
28820
28577
30888
30833
28895
28882
28681
29216
29266
29296
29345
61215
29466
30525
28793
28551
29039
29545
28828
28882
29024
28963
28756
29251
29006
28802
29138
45606
29378
28699
78370
30590
28551
28723
29397
30661
29387
28597
29144
30635
34769
29075
29369
46731
28433
29145
29001
88833
29335
28849
28683
29004
29060
29039
28903
28677
48377
29066
29085
28812
28852
29626
29581
28755
29344
29283
29055
28655
29097
29031
29340
28614
28892
28943
28667
28964
28137
28455
45393
28084
28214
30515
29098
28874
29030
29127
28893
28946
29360
29044
29072
28761
28114
28179
29066
28047
28383
27946
28269
29273
29178
28972
29481
29480
29009
28813
30318
28904
28615
28793
29146
28823
29595
29062
29179
28693
28550
29028
28937
29326
28963
28933
45978
29263
29103
43749
66614
28690
28320
27664
28015
28794
29032
29260
45653
28627
28914
29985
30710
28712
29108
28897
29591
28812
28905
29016
29159
29423
134803
28913
28947
30841
30784
30589
95779
29796
29770
30405
29969
30126
29670
38975
29817
29678
29848
29843
30002
29632
29045
28801
29391
28955
28699
29110
28988
45691
29696
28695
48782
98496
29149
29053
28550
29268
28928
45961
29289
28942
28954
29368
29352
28926
84384
28873
29017
30965
28974
29158
29499
29136
29488
29171
28903
29284
28878
29242
29247
29403
29042
47765
29553
28746
28778
28936
29527
28544
28308
28310
46063
29128
28139
28279
43022
44713
29039
28982
90927
28886
29110
29068
28844
29062
29121
46095
28859
29102
29045
29250
38964
29187
28546
29119
131849
29189
28587
29072
29014
30627
29185
29485
44450
28955
29196
29213
28746
29059
28774
37799
28758
29043
28672
29009
28855
28461
28627
36747
29352
28808
28886
28732
28869
29339
45244
30666
28771
28842
28971
39232
92007
28295
29406
28603
29240
28729
28788
28687
29082
29050
32731
28449
28671
28735
107882
39692
29087
29419
28980
84205
28516
29169
29116
28755
28418
28667
42936
28980
28927
30696
28549
29610
28839
30505
30547
29619
28772
28679
37765
27805
28159
28379
29181
29033
28567
29408
29034
29598
29110
28529
28880
28986
28828
38866
28701
28997
28793
29449
29019
28695
28593
29085
32348
28925
29245
28590
31652
28842
28916
28745
29224
29000
29041
28592
28798
31683
29119
28591
28816
28803
31186
28965
28712
28736
29104
53066
30510
28818
28771
31123
28885
37940
28717
28919
28673
28768
29008
28801
29015
29148
28962
28541
28670
28769
44694
28432
28762
28498
66571
28749
28747
28718
30683
29587
29487
29773
29690
29672
29707
91108
32974
30131
29700
29453
64668
29813
29713
30102
55491
29456
29611
43390
29406
28940
28992
29257
30231
28819
28780
29218
29197
28535
28995
29040
30454
28699
28743
31570
29235
30591
29503
28843
28946
30419
29566
28923
28650
28915
40951
28987
29230
39990
30232
28586
29109
28793
28872
28741
29370
108755
28855
28988
28999
29822
28894
28877
30778
29945
28898
30836
28955
29525
28779
29425
30528
69420
63466
29559
28687
28741
29222
28854
27929
28190
28359
28329
28416
28226
28147
28535
29001
32201
30341
28981
29097
31124
28802
28857
28709
30668
30225
29045
29346
29227
28508
28242
28091
28601
37262
29184
28912
28986
28742
28495
29241
29434
29212
30517
28961
29255
28987
33361
28504
29314
31025
86598
28767
29174
48749
29634
28455
29311
28929
29003
28786
29011
28640
28021
28051
28655
50573
27797
30356
28762
45324
29074
29112
28770
28906
62101
29064
28867
29311
33256
29176
28366
28509
29530
33358
29581
29917
29359
29823
29638
29471
29546
28953
29666
28496
28731
28740
37857
29525
29103
28758
29420
41230
56597
28863
29157
28940
28665
29333
28759
68084
28897
29211
41014
28982
28681
28828
34522
29103
29022
29269
29425
29178
28671
29207
29009
30766
29594
29599
29511
29395
29828
29713
29827
30042
29572
29582
29640
28815
28785
28578
48042
28698
28915
29579
28844
41768
28973
30432
28958
28991
30291
28954
30816
29356
29042
28969
31290
29089
29109
28654
29073
28783
29420
28926
28757
29071
29125
28868
30839
28732
29049
28848
28627
30217
28729
28865
29366
29404
28927
29090
29211
28913
29158
28419
29277
28629
28610
29143
29147
28632
28714
29028
29459
30779
28562
29050
46276
30585
29125
29041
28963
29093
28636
28803
28869
49406
48961
28904
28387
29070
61471
29256
28739
28993
28859
29337
29006
28598
28068
28544
28300
28106
28378
28146
29807
27843
28113
94125
88240
30926
50107
74322
30312
30258
30531
30785
30636
30263
164678
61358
47535
62633
31513
31553
31882
32241
32857
32270
32764
98712
31398
31110
30694
30494
30772
31304
31130
30507
49127
157572
82819
101473
60802
73133
33525
32584
33338
32582
31109
31170
32432
31403
31512
