4493
3176
3153
2660
2865
4536
3514
3045
2920
2780
2706
3408
5854
2942
2832
3076
3030
2885
4336
3437
2931
3131
3148
3163
3399
3085
2726
3124
2717
2736
2882
3379
3026
2824
2997
2739
2882
3418
3315
2995
2943
3229
2859
2945
3104
3901
3173
2732
2679
2884
2709
3096
3202
3582
3033
3200
2694
3083
4134
2699
3223
4003
3020
2941
2707
2742
2771
3119
4163
2929
2888
3130
2761
3212
3598
3075
2714
3071
3237
3684
3752
3062
3179
3975
2731
2692
2782
3025
3742
3112
2992
2778
2836
3046
3769
3065
2863
2817
2879
4408
4032
3040
3050
3016
2867
3147
3284
2801
3477
3229
2894
3608
3836
2784
2738
3200
3021
3495
3536
2887
2915
2803
4737
4671
3886
2993
2773
3266
3106
3514
4826
2867
3065
2760
2680
2972
3392
2934
2842
2909
3119
3345
3152
4385
2985
4793
2700
2806
3365
4180
3010
2950
2916
3100
3579
3757
2861
3114
2720
2814
3044
3505
3357
2959
3314
7001
3353
2977
2792
2937
3549
3319
3819
3071
2916
2815
2760
3630
3459
2973
3116
3351
2921
4643
3313
2734
2813
3215
2873
4421
3138
4478
3034
3175
2894
3340
3442
3177
3029
2935
3998
3525
2904
3222
2918
2811
2833
3795
3061
2971
3382
3153
3479
3022
2872
2701
3252
2706
4101
3847
2806
2850
3115
3008
4536
7025
3124
2870
5184
2896
2815
3090
3488
3164
3252
3057
2874
3186
3686
3049
2845
3137
3033
4528
3883
2927
2821
3056
2798
3380
5294
2968
2877
3108
2728
2748
3626
3783
3442
3099
2890
2835
3097
3947
3020
2905
2958
3065
2929
4216
3011
2980
2947
3002
3222
3365
3137
3073
3310
3171
19481
3424
3048
2777
2907
2673
4362
3771
3218
2968
2748
3651
4394
2755
2934
3028
2763
2828
3517
3305
4069
3402
3070
2978
2912
3278
3878
3692
2983
3486
2921
2952
3406
3336
55283
3016
2934
3015
2762
2799
3540
3176
3092
2906
2831
5202
4127
2883
3269
2730
2941
2913
3278
3894
2976
3019
2743
2697
3343
3582
3166
2934
3094
2848
2774
2986
3348
3126
2844
2779
3080
4482
3311
3254
3082
2841
2949
2900
4388
3221
3052
2552
2837
3074
4670
3889
2666
3025
2880
3231
9926
3083
3022
3084
2985
3050
5631
3220
2892
3011
2918
3057
3881
3281
3057
2750
2850
3197
5292
3240
2794
2960
2833
4862
3434
2861
2913
2856
2687
3083
3377
3428
3689
2964
2786
3137
3231
4382
3188
2998
2962
2996
2690
2865
3430
3168
2994
2991
2800
2911
3186
3325
3271
3093
3112
2744
3473
3876
3207
2767
2783
2976
5528
3591
4213
4150
2751
3075
3187
3279
2983
2944
2808
2751
3038
3161
2775
2977
2942
2814
2668
3230
3154
2851
2853
2806
2924
3164
2953
3254
4313
2850
3003
2886
3211
4660
2840
3033
2738
2685
3543
3841
2946
2762
2851
3004
4403
3000
2904
2785
2667
2735
3892
3454
3055
2886
2829
3489
3048
4256
2804
3113
2915
2921
2862
3608
4000
3056
2858
2999
2815
3210
3799
2939
2789
2912
3562
3530
2812
2803
2718
2849
4674
3690
2779
2807
2869
4827
3168
3081
2910
2894
4837
3994
3116
2811
2768
4514
3405
3071
2960
2983
2814
4282
3119
3206
2899
2808
3281
4480
3439
2998
2976
2896
2854
3283
3389
2873
3001
18568
2859
3349
4032
3035
2966
3081
2791
3203
3225
2783
2774
3061
3473
3616
2727
2937
3305
3856
3316
3039
3036
2826
3700
3095
2797
3119
3016
2966
3251
3329
3175
3011
2791
3184
3359
3432
4093
2853
3251
3137
3261
3315
3135
2925
2806
3080
4600
2972
2951
3096
2862
2954
19775
2960
3176
3042
3105
2973
3311
3517
3065
2861
2925
2983
3532
2957
3164
3688
3085
4357
3317
3044
2689
2844
2841
4795
19271
2969
3049
2876
2941
2730
2998
3199
3244
2758
3056
2961
2839
22530
4033
3119
2762
3752
2883
5221
4366
2973
2784
4333
2828
3422
3286
2819
3006
2975
2927
2947
2806
3572
3545
3000
3113
3267
2794
2807
5007
3216
2917
3133
3095
3150
3058
3941
3984
2887
3221
3519
2930
2831
4550
3590
2789
3109
18711
2873
2729
4051
3305
3050
3661
3021
3038
3385
3310
2985
3112
2803
4165
3450
3040
2843
2865
2885
3183
3710
2896
2971
2815
2858
2952
3342
3989
2846
3583
2957
2852
3061
3853
3407
2992
2771
2990
3876
3337
3090
2988
2841
2855
3473
5198
2989
3309
3025
2948
2934
3126
4557
3016
3370
2883
3292
3646
3282
2797
2778
2884
3286
3211
3190
3202
2981
3071
3167
3551
4205
3318
2954
2957
2803
2925
3668
3281
2979
2896
2739
3281
3458
2975
2819
3033
2873
3953
3750
4488
3140
2897
3069
2994
3500
3223
2927
3228
2980
4017
3216
3114
2862
2954
2799
3263
2998
3182
2879
2788
3014
3578
3877
3224
2732
3055
2852
3397
3677
2800
2870
3088
2753
2941
3763
4941
2725
3042
2815
3074
3211
4402
2707
3090
2936
2899
2920
4140
3569
2786
2683
3200
2903
3478
5721
2813
2927
2828
3095
4582
4597
3803
2706
3243
2960
3278
3455
2943
2777
2804
3059
4009
3316
2954
2845
2959
2791
5184
3305
2931
2727
2972
2830
2849
4608
4726
3101
2818
2925
3016
4525
4996
2998
3052
2756
2766
3656
3528
3309
2914
2953
2778
3320
4629
3413
2877
2815
2825
2909
3073
4481
2991
2903
2819
2845
3124
3705
3827
3300
3110
2948
4710
3527
3355
2930
2935
2761
4554
3135
2867
3041
3043
2933
2924
4826
3741
2795
2847
2874
3151
2845
4499
3140
2779
2749
2884
4013
4467
3331
3154
3110
2700
3128
3363
3034
2891
3012
2794
2940
3442
3119
2913
3317
3048
3085
3691
3014
3059
2667
2792
2805
3558
4476
2958
2958
2847
2965
3179
3352
3488
3255
2868
2942
2964
3178
3862
3024
2798
2750
2873
2683
3283
3999
3077
2623
2788
3115
2760
3086
3258
3907
2921
3098
2785
3258
2873
3189
3194
3125
2938
3101
2916
3805
3160
2994
2852
2831
2915
2887
2806
3512
3541
3290
3359
2912
