12182
11341
11258
11628
11364
11897
11541
11831
12685
11066
11175
11269
11453
11511
11688
11097
11160
10995
15724
11440
11406
11214
15819
11190
11384
11450
13433
11346
11292
11811
11213
11854
11456
11923
11183
24323
11403
12418
12267
11261
11139
11355
11664
11309
11335
11334
34037
11101
11162
18178
11349
36469
36576
11213
11198
11148
11575
11493
11509
11584
11123
11161
11195
11141
11361
11206
11309
11002
19708
11209
11485
12027
11288
11266
11261
11888
11195
11125
12036
11285
11458
11072
11237
12467
11104
11175
11371
11095
11407
11343
11079
11289
11396
11697
11185
11131
11156
11253
11381
12676
11358
11286
11194
11623
12726
11396
11303
11157
27701
20001
11166
11489
11282
11215
11018
11932
11013
11094
11177
11068
12317
11122
11398
11949
11525
18661
11532
11166
11006
11093
11366
12105
11270
13596
11241
11071
11208
11271
11567
11886
11217
11162
11970
11207
11229
11092
11134
12375
11291
11212
11325
11170
11265
11707
11430
11542
11267
11520
11940
11418
11266
11051
11189
11111
11341
11141
11275
11133
11327
11732
11206
11207
11292
18347
11209
11081
11441
11480
17510
11786
11902
11048
11206
11088
11690
11498
11209
36520
11873
11707
11592
11260
27925
19508
12753
20442
11802
11533
17376
27863
11610
11158
11233
11147
11181
11326
11940
11311
11318
11554
12008
11483
11222
11287
11369
11121
11790
11210
16807
11606
11442
11478
11079
12022
11268
12413
11205
11261
12036
11507
11297
11266
11213
15462
20109
12931
11160
11356
11235
11197
11810
11100
11382
11404
11207
11493
11155
11244
11211
11340
11445
11351
11282
39903
11787
11327
11393
11264
11704
11108
11484
11156
11922
11176
11367
11500
11171
11440
16805
11458
11325
32920
11718
27623
11237
11644
18918
11405
11406
11413
11312
11602
11004
11307
11360
11106
12904
11925
11139
11296
20324
11543
11226
11285
11912
11285
11214
11269
11180
11289
11168
11062
11213
11347
11190
11355
11173
11076
17592
11223
11489
11322
11459
11305
11146
11316
11822
11161
11066
11660
11235
12187
11198
34985
11415
11295
11258
35414
11052
11390
11223
12322
11249
11443
11390
11122
12067
12039
11188
11834
11204
12051
11641
12713
11951
11771
11516
11845
11239
11905
11712
11370
11357
11296
11435
11087
11330
11270
11218
11493
11368
11256
15322
11682
11228
11440
11188
11332
11686
11373
11187
11157
11122
11107
11110
11347
11836
18894
11495
35406
11626
11571
19095
11782
12791
28544
11044
11307
17005
11642
11223
11446
11195
11030
18861
15683
11139
11992
11063
11141
11217
11115
11189
11276
11163
11660
27974
11184
11849
11087
11482
11211
11350
11083
11443
17899
11420
11361
11175
11545
11330
11303
11943
11133
11850
11351
11247
11236
11191
18301
11281
11078
11236
11199
11812
11298
11198
11229
11189
11101
19293
11646
11121
11049
10988
11321
12201
11191
11174
11154
11998
11098
11557
11392
11355
11301
11241
11745
11326
11717
11260
34346
12252
11192
11868
11156
11123
11337
13209
11387
11003
11883
11219
18482
11248
11243
11144
11076
18808
11687
11209
11216
11190
11132
19989
18738
11276
11435
11038
11210
17619
15518
11179
11146
11225
11630
11314
11221
11406
11287
11570
11428
11774
11440
11187
11071
11665
11996
11141
11828
11316
11232
11308
11662
11619
11059
11054
11145
11145
11466
11202
11138
11668
11922
11339
11539
11139
11286
11487
11467
11585
12140
11145
11148
11307
25008
12085
11067
11610
11324
11528
11365
11887
11129
11296
11192
11135
11912
11934
11077
11241
10975
12171
11176
11370
11363
11419
11109
11216
11293
11324
11455
11164
11554
11032
11093
11502
11203
11843
11290
11155
11274
16527
11228
33551
11017
11797
11493
11415
11218
32594
15741
11580
11399
11166
11864
11466
17518
11265
11179
11148
11844
11757
11134
11244
13276
11188
11274
11004
11370
11268
19471
11168
11170
11263
11884
11430
11290
11062
11545
11402
11094
11355
11246
11222
47079
11871
11986
11455
11174
11606
11017
12544
11182
11461
11071
11375
11346
11103
11426
11181
36997
11819
15944
27437
11113
11361
11133
11773
11605
41350
11371
11117
11552
11574
16322
11308
15699
11449
11021
11241
11105
11316
11496
11468
11227
14715
11542
11410
11627
11089
11344
11310
11234
11990
11182
11291
11159
11923
11437
11089
11374
11428
11198
14782
11359
11215
11244
11488
11420
11265
11491
11221
11284
11288
11204
11176
11234
11131
11856
11203
11146
11210
12558
35905
11579
15365
11491
11163
11180
11386
11349
11152
11028
11151
11231
11246
11487
11305
11108
11238
11615
11617
11115
11468
11191
13322
11207
11483
11148
11407
11739
11763
11486
11597
11588
11274
16763
12156
11849
11221
11096
11196
13708
12230
34037
11637
11049
11291
11707
11313
11275
11097
11344
11179
15936
11117
11417
11284
34699
11484
11173
11536
11193
12343
11598
11312
11603
11289
11715
11498
11593
11266
30914
15376
20533
11175
11064
11424
11493
11311
11331
11697
11099
34528
11354
11963
11154
11249
28131
11426
11549
11412
13469
11182
11146
11625
11398
11190
11865
11329
11790
11794
11246
11309
11483
11545
16048
11232
11194
11179
11213
11728
11547
13712
11231
11251
11268
11234
12086
11412
12389
11692
15241
16171
11404
11296
11270
11280
11216
11286
11196
11631
11438
11250
11361
15222
19955
11084
11132
11248
11524
11420
11714
11139
11245
20244
11279
11566
11043
11057
11535
11357
11475
11658
11503
11236
11142
11547
11406
11384
18938
12259
11276
11094
11250
12471
11333
11319
27638
11079
17752
11280
11545
11187
11223
11296
11453
11536
11061
11721
11134
11243
11907
11038
11456
11161
11109
13618
12889
11131
11262
11398
11486
11356
11282
11191
11451
11233
11766
11177
11038
11124
11110
11228
11143
11061
11138
11107
11149
11276
11375
11407
11264
11107
11102
11172
12474
11224
11885
11800
11230
11229
11668
11042
11148
11165
11275
11505
85521
11127
11254
11359
36541
11110
11329
11486
11306
11272
11283
11882
11183
11348
11270
11556
11309
11606
11288
11087
11229
11133
11711
11916
11063
11816
11092
11183
11226
11183
11276
21493
11302
11570
11117
11176
11019
11197
11259
12886
11201
12401
11804
11252
11182
11133
11954
11034
11072
11388
11062
11232
11140
11120
12980
35055
11221
11756
11537
16349
11372
11198
11367
11874
11230
19784
27960
11127
11341
11335
11448
19908
11382
11737
11400
11431
11236
11345
11350
11076
12061
