6568
6626
5509
5893
5798
6382
6720
5741
5780
5595
5837
5796
6346
5758
5720
7848
5987
5861
6421
5869
5941
5720
6750
8795
7910
5735
5709
6419
6078
5959
6010
5644
5593
6122
9012
7667
5676
5798
5732
5964
6298
5852
5912
5470
6074
5622
5601
5957
5855
5627
5873
5976
6977
5737
5716
5916
5699
9263
7165
5874
5835
5535
5783
6932
5511
5662
8178
28289
8282
7296
5537
5557
7361
6080
10220
6062
5827
5739
5924
5792
6096
6832
5882
5608
5357
6174
5533
6787
5704
5921
5764
6123
5704
16201
5526
5764
5809
6281
6072
5742
5475
5725
5488
8870
5993
5775
6292
6575
6325
6331
5847
6205
6768
5949
5896
5787
5699
6043
6282
5852
5430
5933
7057
5690
5711
5940
5964
5528
5905
6596
5933
5750
5528
5691
6029
6956
6698
5906
6371
6106
5458
6331
7086
5709
5701
5777
5710
5858
5593
9768
5618
5573
8417
6136
6256
5929
5912
5614
6278
7137
6142
5590
5518
5605
5982
5941
6269
5666
5864
5880
8105
6007
5885
5596
5775
5509
9142
6940
5949
5835
5662
5576
6131
5920
5803
5863
5816
5612
6591
6518
8342
5755
5880
5722
6003
6801
6028
5609
5603
5614
9120
8408
5931
5762
5506
6083
5866
6204
5915
5762
6022
5775
5656
6009
5979
5973
5517
5788
5656
6585
11952
5778
5568
5394
5601
8031
7201
5772
5784
5998
5574
5852
6062
6876
6562
5790
5636
5701
6124
8153
5967
5560
5773
5708
6471
5684
5682
5553
5729
6015
6010
6839
5842
5645
5632
5450
5646
6020
7372
5742
5567
5591
5935
6354
9087
5681
5587
5642
5486
5913
6725
5691
5525
5455
5545
8883
17790
5806
5499
5666
5770
10462
6465
5894
5603
5998
5535
6099
6521
5975
5660
5412
5402
5704
5749
6750
5909
5730
5601
5614
6099
6061
6941
5553
5517
5612
5574
6051
5816
5593
5496
5769
5591
5450
6116
25008
6021
5815
5479
5702
5598
6097
5786
6835
5748
5660
5604
5652
5544
6158
5844
6089
5486
5759
5938
6266
5832
5696
5508
5593
7761
7237
5778
7434
5426
7905
8573
6319
5598
5668
5658
5964
6336
15703
5909
7521
5704
7539
6757
5785
5821
5722
5693
6414
7874
6200
6177
5755
5508
6055
6709
10987
6021
5661
5968
5699
5786
5735
5609
5934
5678
6280
6578
5600
5713
6083
6177
6129
5910
5376
5669
6403
7093
5705
5701
5473
5554
5987
6090
6641
5596
5607
6041
6073
6329
5796
5580
5733
5673
6260
10154
6107
5892
5709
5811
5611
6335
6577
5672
5783
5880
6037
10748
6993
5795
5714
5535
5623
6281
5718
6215
5686
6312
5958
7429
5734
5787
5624
5933
6561
6231
5951
5733
6229
6577
6377
5804
6596
6006
6002
6720
5982
6113
6315
6024
6069
6923
5843
5895
6253
6601
6165
5857
5744
6041
5895
7989
6232
6077
5775
6387
5736
22908
6725
5531
5699
5842
5626
5768
6631
5956
6047
5877
6910
6546
5844
6016
5840
5813
6296
5975
5852
5753
6004
5833
5612
5813
6787
5644
5922
5652
6208
5682
8587
5801
5715
6202
5992
5749
5960
5625
5435
5773
6443
6039
6162
5803
6016
6066
6209
6997
6246
5592
6141
7521
5801
5603
5738
5507
8897
6313
5791
6066
5712
5854
6474
6495
5775
6099
6233
6110
6072
6183
6229
5832
5851
6279
6214
6058
5634
5516
7039
5820
5823
5633
5601
6591
6203
6015
5965
5872
6525
6633
5815
5991
5801
5939
5797
5784
5608
5837
5763
5771
6079
6029
5766
5661
5722
6447
6246
5697
5749
5630
5578
6099
6649
5694
6140
5879
5656
9393
6802
6009
5867
5817
5717
6924
5841
5759
5839
5775
6343
7213
6779
5773
25177
5432
7093
7302
6003
5658
5980
5742
5796
9175
6083
5617
5676
5945
5982
6717
5637
5871
5832
5522
6147
6443
5865
6023
5637
5752
8458
6274
5691
5733
6012
5664
6455
6049
5932
5640
5849
5592
6990
6054
5799
5695
5554
5587
6680
6656
5643
5595
5946
6310
6017
5816
5806
5814
5550
6471
6069
5865
5670
5820
10598
5562
6608
5936
5600
5722
6168
5935
6561
6104
5709
5760
5715
9768
6654
5982
5814
6234
5991
6294
5741
5777
5702
5448
5820
8015
6889
5637
7176
5856
5901
6444
6776
5591
5736
5825
6009
26359
5702
7736
5774
5769
6038
6541
5876
5716
5656
6138
6276
6066
5878
5658
6640
6786
5892
5977
6004
6615
6519
5675
5583
5829
5827
6342
7013
5865
5936
5925
6180
6219
5811
5868
5767
5921
6546
5761
5751
5747
5921
6187
5957
5783
5765
6436
8402
7707
5808
5769
5815
6137
6161
6294
5853
5874
5747
6331
5856
5847
5967
7497
5644
7926
7146
5857
5570
5997
5739
5917
7051
6010
5869
5712
6165
6609
5536
7043
5718
6120
6624
6064
6213
5835
6700
5851
8732
5793
5919
7066
10041
6065
5905
6177
6750
5948
6686
5773
6010
6330
6006
5666
6268
6307
5656
6393
5957
5981
6040
6000
5903
6298
6302
6016
5766
5843
6437
6267
6039
5680
5749
5782
6048
6473
6446
5612
5724
5740
6062
5851
5658
5578
5812
5715
6068
5934
5743
5892
5827
6362
18693
6226
5535
5518
5869
6152
5723
5620
5660
6084
6265
6812
6171
5921
5569
9601
6118
5733
5672
5851
6019
6073
6710
6323
5703
5942
5917
6011
6116
5830
5420
5553
5619
6066
6700
5948
5747
5710
6890
6400
10586
6246
5757
6169
6151
7347
5771
5727
5542
5623
5726
7010
6104
5926
6106
7414
8665
5633
5541
5735
5541
5397
5900
5990
5976
5592
5949
6335
5919
5637
5740
5632
8058
5730
5702
5541
5995
6281
5983
6145
5757
6182
5988
5967
5950
5672
5993
6539
5751
5773
5862
22650
6175
5926
5850
5489
5617
6225
6028
5668
5411
5642
5688
13461
6093
5714
5720
6038
6943
6026
5778
5794
5971
6444
5700
5633
5687
5795
5889
6234
5751
5666
5493
6343
5691
6160
5659
6054
5619
5720
6618
7331
6085
5744
6949
6057
6176
6049
5932
5653
5856
8768
6973
5952
5861
5800
6052
6015
5999
6085
5981
5633
6158
6206
5649
6247
6051
