15342
14360
14901
13687
30748
15854
15898
14296
14087
15188
15021
15827
15065
15752
14615
16176
90154
15058
15077
15105
14672
15046
15037
13772
15025
15801
16036
15915
15129
14930
14892
15071
15185
13140
15061
14949
15642
15494
13269
15058
15865
14263
15741
14852
15027
14885
15086
15037
15192
14986
15036
15036
15274
15868
14627
16011
13991
15749
15998
14968
13174
15018
15045
14186
15188
15238
14149
15975
14363
16161
15840
15126
15004
15037
15069
15045
15200
14977
14960
15015
15948
15057
14234
15058
13108
13430
14388
14589
14362
15030
15225
15869
15974
15195
16337
15060
16061
15873
15625
13115
17175
14913
90197
15064
14954
15105
15466
14519
15338
13136
15179
15054
15076
14977
14795
14536
14573
15077
15200
26614
16183
15210
15557
31520
16260
15467
15078
13341
14208
15113
13529
14609
14618
15917
14622
14965
14846
15128
15032
14891
15020
13176
14904
15159
15154
15108
14287
17450
13832
16306
15751
15778
15157
14989
14391
15190
14929
15395
14672
15900
14913
15840
13851
15009
15022
14009
15153
15033
15061
14863
15006
15021
15926
16012
14727
15966
15269
15361
16013
15220
15043
15058
14982
14968
15411
15152
16559
15884
15730
15117
17743
15131
14267
15221
15097
14669
13319
15235
15172
17062
15911
16119
15203
13767
14669
15024
15029
15100
15090
13549
13121
14147
15604
14550
14783
15887
15983
15618
15243
13825
13768
14972
15039
13842
15140
14861
31835
15998
15846
15564
14341
15074
15081
14781
14605
15083
15024
15054
16532
15270
15085
13463
13820
15118
15068
14856
15167
14942
15165
15015
15045
13771
15148
15663
15198
15077
14379
14024
15118
14934
14995
14752
15216
15212
14673
15150
14962
14675
14929
15157
15073
14980
15165
14485
14839
14210
15192
13654
14241
15224
15967
15811
15559
15904
15853
15843
16027
15958
15811
16099
14408
15209
17141
15816
15642
15009
13771
15217
15128
14010
15053
14984
15173
15066
14836
15038
15070
14106
16109
14278
15882
15860
14702
16076
15246
15027
15037
15786
14979
14512
15025
14218
15902
15898
13260
14933
13173
15005
15067
15072
15047
15131
13790
15054
15883
15847
15581
15873
15469
15925
16065
16356
16082
15788
15256
14957
14809
15115
15109
15901
15628
14845
15089
13326
15223
15126
14982
14765
15151
15223
15372
15967
15630
14429
15644
14433
14813
22984
15067
31031
15874
14887
15877
15751
15003
15073
15933
15868
14162
15049
15077
15029
15133
14734
14990
15035
13439
15544
15695
15960
15015
14668
15035
19759
14776
15834
14534
15183
15227
16303
15019
14325
15033
15217
16128
14720
14276
15001
15003
13768
13158
15011
14511
15853
15201
15791
14954
15105
14571
15637
19452
13748
14656
15822
16047
14996
14674
15205
15009
14607
15844
14456
15829
14637
15200
15076
14885
13695
14976
15002
15192
15848
15911
14979
14710
14917
14447
13559
16016
15899
15852
16038
15745
13873
15064
14999
14993
19121
15955
15846
13526
15094
15025
13853
15895
15104
15080
15033
13583
15137
14895
15094
15040
14251
15034
15862
15386
15915
15188
15748
15340
13404
13769
16394
16038
15416
15735
14881
15150
30814
13768
16003
15662
15109
14740
15402
15133
15011
15083
15007
15032
16508
15202
16101
16046
19319
15844
16323
14365
14106
15995
13625
15035
14889
15037
15791
15683
15376
14772
15162
15058
15009
14824
14863
15069
14892
13659
14951
16195
23468
15786
15724
15988
15926
15146
14733
16491
16088
15846
16877
15056
15054
15091
14981
15006
14874
15041
14944
14998
14453
14966
15154
15066
15153
15038
15827
18180
16037
15791
15073
14662
16094
15330
15988
14272
14606
15084
13643
14340
15012
15134
14943
15093
15136
15903
16045
15943
15092
14937
14979
14592
13110
14744
15041
15935
15908
15207
14800
14508
15851
15251
15809
15054
15086
15071
14548
14254
15002
14644
15156
14946
15035
13331
14961
14242
14912
15836
17896
15909
18815
21723
18491
16338
16365
16524
15469
16645
16029
15859
16512
14893
15171
15015
13265
14380
15007
14436
15010
15012
14030
15722
15826
15731
15028
14961
14993
14996
16089
15884
15817
15113
15674
16342
15969
15122
15091
15007
15052
14859
15004
14268
15180
14371
15009
13439
14379
14571
16641
15298
14659
15091
20456
20010
15843
15835
15167
14577
18258
18091
15779
14480
15776
14370
15918
14373
15841
15324
15476
15725
16044
15831
14238
16881
15218
15934
15770
15900
23716
15862
16226
16109
15848
16077
18269
16319
15749
13593
15004
14974
14948
15124
15180
13600
13416
15895
15849
13080
15780
15077
15013
15106
15707
15039
15037
17279
15927
14984
16081
15041
15997
16444
14018
15839
14327
14425
15098
13411
13662
15008
14585
15729
15445
15117
15094
15157
15130
15101
15176
15021
14989
15888
18180
14942
13544
15881
19171
17020
31291
15991
15181
13189
14951
14817
14792
15762
14934
15562
15811
15941
15027
15081
15017
15266
15082
14296
15198
13905
15260
16336
15888
15849
15068
16018
14162
14851
30996
14600
15054
15251
14274
15125
14860
15038
15143
14486
14982
15183
14878
15854
15516
15633
15953
14886
15037
17560
15033
15902
15620
15853
15820
15729
13856
15144
15117
14501
15079
14855
14803
15053
15040
15082
13172
14473
15828
15023
15915
16095
15150
15227
14986
15153
14194
15951
15336
15033
14077
14274
16112
15128
13551
13566
13383
15040
14804
15150
15170
15187
15029
15035
15145
14987
16018
16106
14991
15064
13492
15137
14980
15222
15357
14565
14347
14902
16033
15623
15063
15060
15112
14870
13682
14947
14016
15117
14977
15088
14671
15253
15884
16011
15013
14999
15190
15045
14991
15137
13166
14911
15250
16149
15178
15121
15154
15288
15003
30681
15028
15198
14493
14929
15146
15123
15237
13369
14988
15228
15075
14242
15041
15972
16071
16099
15937
15069
107504
15187
16005
17925
16163
15910
31865
14366
14801
15052
15196
15045
15189
15294
15038
15158
15086
15036
15202
15175
16906
15721
15833
15216
27320
15125
17350
14639
15210
13508
14439
16590
14907
16001
14866
13436
15013
14325
14959
14687
15334
13595
15080
15036
15172
14911
15791
15953
14310
15832
14427
15029
15975
15959
13385
14951
16552
15912
17127
15977
14663
15185
13447
15061
14902
15064
15065
14866
14781
14279
15077
14850
15991
15804
15793
18480
14977
15069
15057
15083
14894
15980
15912
14196
16108
16044
15690
15957
16105
15006
15163
15173
14710
13263
15004
14434
15030
