1838
1847
1846
1865
1869
1894
1860
1866
1923
1925
1965
1890
1911
1866
1901
1899
1875
1845
1834
1870
1814
1864
1853
1833
1862
1869
1847
1848
1937
1826
1866
1909
1795
1837
1854
1833
1839
1833
1836
1819
1851
1877
1863
1874
1884
1835
1898
1881
1877
1882
1847
1839
1909
1826
1845
1829
1901
1850
1850
1846
1867
1828
1814
1849
1862
1834
1840
1867
1869
1851
1825
1865
1845
1906
1831
1860
1849
1835
1920
1898
1901
1872
1900
1893
1842
1883
1823
1856
1828
1828
1847
1805
1831
1888
1799
1917
1887
1808
1900
1827
1850
1837
1876
1847
1863
1816
1867
1828
1849
1852
1867
1852
1846
1841
1854
1830
1852
1844
1878
1829
1822
1839
1831
1865
1828
1817
1849
1838
1834
1901
1870
1846
1810
1833
1864
1863
1870
1859
1868
1856
1842
1907
1822
1875
1841
1850
1843
1841
1804
1848
1814
1881
1863
1873
1812
1779
1889
1892
1860
1822
1871
1847
1849
1880
1866
1861
1827
1808
1870
1790
1862
1830
1824
1855
1827
1877
1817
1917
1834
1850
1859
1816
1898
1862
1884
1808
1878
1830
1862
1860
1840
1827
1894
1817
1884
1837
1810
1878
1869
1816
1899
1819
1846
1870
1860
1837
1852
1861
1902
1889
1947
1892
1889
1858
1943
1907
1888
1916
1841
1831
1826
1833
1876
1911
1835
1883
1878
1875
1870
1845
1823
1857
1826
1851
1863
1843
1826
1842
1865
1859
1906
1863
1821
1845
1801
1830
1778
1840
1859
1812
1835
1885
1874
1877
1893
1831
1896
1905
1912
1928
1903
1869
1952
1835
1848
1850
1792
1818
1847
1851
1836
1815
1819
1902
1900
1843
1846
1843
1844
1836
1871
1830
1837
1845
1886
1915
1915
1879
1866
1852
1822
1878
1869
1867
1866
1814
1830
1842
1819
1888
1846
1850
1918
1898
1889
1848
1885
1874
1864
1884
1861
1827
1864
1888
1834
1860
1869
1851
1853
1826
1831
1836
1841
1901
1875
1804
1855
1890
1887
1866
1846
1832
1867
1911
1841
1884
1925
1819
1855
1832
1877
1880
1852
1867
1867
1911
1801
1891
1841
1856
1897
1864
1907
1813
1875
1844
1794
1846
1853
1837
1842
1812
1895
1801
1839
1853
1878
1825
1878
1871
1834
1833
1877
1812
1833
1849
1858
1932
1889
1889
1881
1864
1888
1884
1927
1878
1843
1843
1799
1882
1856
1832
1857
1855
1881
1852
1867
1875
1851
1854
1871
1885
1830
1870
1843
1885
1854
1850
1814
1851
1857
1860
1866
1812
1859
1870
1813
1839
1847
1851
1854
1859
1817
1837
1827
1857
1852
1892
1863
1845
1898
1866
1892
1912
1915
1920
1921
1899
1875
1858
1851
1818
1881
1865
1802
1870
1889
1874
1877
1870
1830
1906
1797
1814
1853
1878
1878
1877
1913
1832
1902
1856
1816
1885
1875
1858
1865
1836
1849
1863
1852
1855
1827
1875
1897
1812
1792
1845
1828
1881
1894
1814
1841
1818
1824
1858
1850
1838
1845
1859
1820
1825
1844
1807
1867
1851
1856
1880
1872
1820
1911
1801
1802
1813
1854
1849
1865
1825
1876
1852
1863
1837
1835
1802
1826
1840
1856
1859
1845
1832
1849
1854
1857
1827
1799
1916
1858
1909
1833
1861
1903
1883
1855
1827
1848
1848
1841
1836
1838
1824
1859
1833
1826
1860
1866
1867
1789
1869
1832
1886
1861
1883
1843
1880
1834
1866
1802
1850
1838
1896
1831
1862
1803
1862
1838
1833
1863
1870
1862
1835
1893
1880
1861
1831
1862
1886
1869
1835
1861
1853
1918
1858
1904
1895
1915
1879
1852
1917
1905
1831
1836
1879
1827
1856
1849
1894
1850
1851
1838
1867
1827
1869
1880
1914
1844
1837
1876
1837
1866
1860
1860
1825
1871
1824
1852
1848
1849
1888
1863
1824
1830
1825
1855
1818
1854
1895
1881
1831
1868
1860
1809
1865
1879
1814
1859
1866
1852
1843
1876
1808
1865
1840
1875
1814
1810
1869
1835
1795
1879
1818
1872
1858
1825
1848
1837
1811
1818
1837
1814
1877
1812
1855
1813
1880
1851
1876
1864
1851
1794
1864
1848
1811
1814
1850
1856
1852
1846
1829
1823
1824
1855
1842
1826
1856
1820
1847
1857
1839
1830
1804
1848
1821
1830
1855
1932
1917
1882
1901
1878
1908
1887
1937
1899
1841
1881
1879
1840
1852
1854
1868
1827
1832
1853
1912
1849
1894
1853
1858
1877
1892
1848
1862
1806
1802
1872
1860
1853
1832
1893
1843
1829
1865
1839
1853
1873
1862
1854
1813
1921
1871
1861
1859
1875
1921
1917
1918
1939
1835
1873
1863
1870
1808
1890
1864
1817
1865
1845
1905
1834
1892
1901
1867
1903
1864
1898
1811
1875
1859
1811
1870
1855
1813
1867
1819
1866
1857
1872
1869
1872
1799
1797
1870
1867
1843
1874
1885
1866
1880
1819
1862
1834
1845
1865
1849
1860
1839
1839
1844
1810
1827
1862
1849
1870
1840
1829
1839
1827
1883
1857
1866
1931
1937
1929
1903
1915
1903
1888
2076
1859
1866
1870
1793
1798
1847
1849
1831
1894
1882
1857
1828
1868
1838
1873
1858
1867
1841
1857
1819
1860
1865
1789
1841
1849
1858
1847
1831
1827
1832
1902
1825
1830
1804
1800
1858
1828
1877
1906
1777
1838
1871
1834
1850
1873
1855
1852
1825
1889
1894
1855
1896
1843
1821
1869
1892
1877
1803
1857
1863
1895
1899
1843
1867
1850
1842
1842
1840
1826
1831
1842
1825
1874
1833
1880
1824
1814
1879
1849
1863
1826
1807
1833
1906
1847
1846
1847
1879
1840
1844
1833
1881
1833
1861
1815
1889
1831
1844
1814
1867
1842
1838
1815
1806
1894
1847
1881
1826
1854
1856
1847
1856
1851
1800
1859
1823
1897
1853
1861
1820
1853
1827
1847
1837
1881
1878
1806
1836
1853
1850
1863
1858
1863
1844
1828
1880
1860
1868
1856
1886
1889
1877
1852
1842
1798
1889
1867
1837
1841
1785
1875
1815
1861
1868
1868
1860
1818
1832
1847
1852
1848
1842
1829
1880
1898
1806
1895
1852
1844
1863
1825
1873
1904
1883
1885
1835
1879
1908
1890
1889
1893
1948
