1296
1327
1322
1278
1283
1297
1281
1284
1307
1318
1305
1293
1335
1322
1308
1326
1405
1381
1371
1329
1325
1288
1320
1278
1324
1295
1304
1329
1273
1305
1273
1299
1345
1263
1320
1315
1313
1266
1300
1344
1279
1319
1388
1322
1331
1321
1292
1315
1313
1280
1331
1335
1345
1324
1351
1352
1320
1323
1269
1272
1317
1288
1328
1280
1294
1294
1303
1297
1328
1322
1284
1311
1292
1284
1301
1292
1277
1332
1272
1310
1308
1285
1328
1312
1364
1328
1312
1278
1317
1295
1291
1286
1281
1327
1285
1285
1294
1318
1289
1302
1346
1289
1316
1306
1273
1339
1269
1329
1310
1270
1334
1329
1343
1327
1313
1270
1270
1315
1334
1349
1307
1324
1307
1252
1323
1319
1286
1331
1297
1306
1296
1291
1269
1310
1302
1270
1364
1323
1317
1263
1325
1301
1324
1326
1332
1278
1300
1277
1333
1328
1294
1300
1285
1292
1344
1296
1287
1320
1310
1274
1270
1282
1324
1275
1283
1312
1299
1250
1315
1323
1310
1310
1337
1302
1361
1291
1297
1307
1298
1319
1278
1292
1321
1316
1269
1271
1274
1289
1322
1273
1312
1296
1314
1299
1320
1306
1329
1358
1297
1303
1359
1280
1283
1291
1272
1286
1346
1320
1301
1354
1303
1278
1307
1294
1323
1319
1335
1272
1333
1320
1316
1297
1339
1295
1265
1237
1292
1283
1302
1276
1295
1326
1322
1273
1322
1285
1368
1275
1319
1323
1294
1333
1308
1285
1320
1340
1314
1338
1335
1297
1325
1321
1320
1350
1330
1311
1277
1304
1288
1301
1313
1264
1277
1284
1343
1298
1309
1300
1327
1302
1318
1327
1310
1337
1292
1282
1336
1327
1325
1304
1368
1346
1294
1348
1280
1291
1304
1300
1295
1264
1295
1357
1340
1306
1363
1364
1323
1342
1369
1324
1325
1316
1274
1300
1317
1293
1331
1305
1287
1365
1326
1331
1313
1347
1307
1325
1347
1273
1287
1310
1293
1289
1349
1341
1313
1337
1308
1332
1293
1324
1363
1306
1350
1322
1315
1267
1346
1269
1321
1273
1302
1308
1307
1323
1318
1291
1271
1279
1317
1325
1298
1341
1332
1296
1279
1276
1337
1336
1314
1272
1284
1290
1319
1294
1323
1309
1309
1279
1278
1318
1269
1347
1289
1386
1303
1324
1308
1328
1290
1310
1322
1335
1280
1323
1295
1299
1327
1286
1294
1284
1309
1345
1285
1288
1285
1283
1342
1274
1306
1315
1330
1300
1286
1318
1318
1284
1322
1324
1313
1313
1281
1303
1329
1328
1329
1278
1302
1294
1290
1257
1275
1315
1340
1309
1298
1280
1276
1280
1300
1341
1334
1309
1287
1322
1326
1293
1310
1317
1275
1335
1311
1319
1267
1316
1295
1268
1287
1315
1290
1313
1311
1325
1283
1258
1275
1281
1352
1365
1334
1356
1286
1302
1291
1331
1322
1306
1284
1267
1265
1301
1275
1307
1304
1305
1286
1333
1319
1331
1313
1284
1334
1304
1253
1318
1325
1281
1283
1323
1303
1296
1327
1302
1271
1339
1292
1304
1296
1282
1311
1264
1319
1292
1305
1300
1304
1273
1312
1319
1259
1293
1449
1320
1325
1312
1361
1369
1307
1317
1359
1315
1313
1330
1302
1302
1344
1339
1330
1355
1338
1316
1376
1329
1344
1273
1301
1338
1472
1257
1281
1286
1270
1341
1314
1268
1299
1264
1310
1274
1345
1302
1334
1343
1309
1340
1290
1275
1261
1329
1284
1312
1302
1278
1327
1297
1293
1288
1230
1301
1319
1292
1295
1354
1304
1283
1271
1279
1304
1303
1297
1306
1277
1320
1320
1308
1303
1307
1264
1312
1324
1312
1336
1321
1319
1335
1317
1356
1333
1311
1337
1304
1345
1428
1348
1297
1321
1288
1314
1270
1314
1331
1309
1285
1284
1319
1319
1323
1331
1278
1300
1305
1269
1326
1322
1317
1281
1281
1329
1314
1297
1342
1312
1298
1280
1308
1297
1289
1306
1288
1315
1347
1269
1294
1321
1308
1322
1303
1285
1334
1290
1309
1337
1262
1306
1307
1315
1318
1304
1284
1305
1311
1291
1284
1321
1315
1276
1308
1301
1266
1296
1313
1311
1276
1309
1311
1282
1326
1343
1338
1366
1395
1311
1326
1317
1348
1343
1337
1286
1288
1338
1351
1309
1337
1351
1269
1312
1323
1312
1264
1290
1310
1300
1329
1304
1325
1291
1301
1311
1271
1300
1307
1343
1291
1308
1309
1309
1270
1292
1266
1284
1301
1272
1277
1306
1305
1265
1306
1315
1286
1293
1307
1301
1332
1273
1313
1310
1263
1305
1293
1315
1271
1310
1313
1299
1260
1267
1311
1322
1330
1301
1251
1316
1320
1304
1305
1306
1299
1297
1330
1286
1282
1311
1307
1275
1299
1297
1340
1349
1308
1395
1365
1358
1342
1350
1347
1302
1315
1288
1285
1300
1320
1305
1356
1272
1291
1300
1269
1326
1278
1314
1266
1281
1259
1345
1302
1277
1269
1278
1325
1287
1282
1320
1259
1291
1287
1320
1307
1286
1285
1276
1316
1319
1305
1302
1296
1319
1319
1335
1300
1340
1355
1354
1329
1357
1369
1321
1341
1341
1312
1277
1334
1299
1319
1302
1318
1355
1297
1270
1287
1284
1294
1287
1322
1310
1303
1296
1332
1284
1333
1306
1315
1286
1296
1306
1323
1319
1293
1304
1388
1289
1326
1276
1292
1284
1270
1310
1296
1308
1275
1309
1313
1325
1360
1295
1295
1330
1278
1359
1282
1291
1295
1329
1338
1362
1314
1320
1376
1347
1341
1344
1348
1340
1327
1340
1311
1310
1270
1310
1330
1292
1287
1305
1318
1332
1301
1298
1254
1298
1285
1346
1312
1336
1330
1290
1377
1318
1322
1332
1272
1331
1282
1304
1310
1289
1346
1298
1325
1311
1371
1336
1340
1312
1333
1352
1319
1352
1294
1339
1304
1319
1257
1337
1296
1320
1322
1313
1272
1316
1231
1274
1309
1298
1337
1265
1334
1347
1309
1372
1346
1312
1325
1310
1316
1336
1285
1250
1306
1325
1314
1297
1283
1302
1298
1301
1322
1332
1308
1327
1306
1315
1322
1261
1316
1344
1271
1300
1300
1300
1332
1329
1266
1287
1268
1330
1300
1301
1304
1316
1310
1319
1313
