10736
12212
9449
10728
10462
10662
10793
10179
10240
10165
9045
10088
9008
10255
10110
10224
10300
10555
10576
9505
10792
10134
10095
9746
10184
10135
9980
10652
10805
10849
10866
28345
10284
10754
10261
10142
9842
10022
9633
10174
10083
10119
9891
10173
10364
10240
10684
10727
10062
10152
10215
9053
9645
10062
11527
13005
9585
10220
9852
10669
10404
10765
10415
9772
9048
10053
10140
10146
10122
10212
9997
10136
10061
9999
10159
10126
9798
9911
10092
10715
10688
10641
10489
10050
10745
11967
10725
10296
10244
10124
10700
10121
10198
10153
10221
10145
10228
10185
9084
10169
9017
10102
10180
9973
10742
10028
9660
10251
8890
10048
11988
10246
10172
10908
10841
9750
11083
10228
10026
10085
9823
10241
8822
10269
9861
10173
9677
10073
10206
9444
10176
10661
10608
10194
10029
9208
9290
10155
10534
10258
26115
10980
10706
11005
10102
11990
10174
8958
10119
10099
10085
10158
10188
10148
10076
10122
10692
10652
10557
10677
10089
10177
10365
9683
10271
11351
10188
10301
10588
10803
10683
10804
10710
23621
13404
9782
10094
10193
9779
10027
10208
10141
10739
10754
10788
10656
10074
8937
9645
10196
9812
10204
11322
14430
10728
10114
11480
10118
10419
10831
11175
10651
9344
10038
10134
9263
10163
11278
10201
10134
10095
10120
9706
10126
10081
10011
10158
10145
10303
10245
10112
10042
12409
10327
11696
10785
10692
10622
10536
10618
10225
10785
9810
9989
8989
10306
10221
9252
10130
10109
10126
10136
10188
9998
10042
9914
10001
10242
10219
10095
11936
9776
12065
9857
11657
12572
10829
10684
10252
10020
9691
10113
10181
11669
12320
11043
9769
11872
12679
10191
10173
11012
10236
10223
10727
11656
11262
10681
11005
10898
11008
10809
9912
22268
10227
10096
10025
9069
10175
10090
10020
10117
9816
10095
10074
10682
10633
10708
10758
10198
10042
10110
10133
11479
10711
10698
10672
12415
10399
10602
10709
9687
10084
10332
10129
9871
10180
10202
10076
10103
10116
22179
26180
10229
10691
10694
10219
10192
9145
10157
10744
15142
10893
10793
10498
10479
9575
10786
10415
10711
10167
9977
10066
10068
10197
10141
10077
10195
10617
10620
10321
10590
10145
10158
10132
10120
9074
10205
10093
10154
10094
10635
10955
11680
9988
11543
10854
10681
26231
9713
10018
10226
9228
9801
10006
10357
10126
9646
10112
10049
10159
10213
10101
10677
9780
9963
10144
10385
9745
12061
10662
11618
10664
9812
10498
10190
9027
10166
10217
10305
10132
10144
10137
10146
9218
10034
10051
10114
10025
10094
10716
10245
10653
10705
10711
11383
14456
10628
10712
11813
10292
10844
10550
10828
10071
10055
9208
9792
10071
8907
10219
10050
9787
9382
10139
10053
10147
10589
10325
10984
9726
10160
10167
10087
10098
10599
10634
10196
16429
10726
12744
11198
9724
10089
10148
10127
9518
10072
10146
10224
9883
10140
10112
10614
10766
10648
10702
10163
10146
9872
10163
10148
10078
10772
10683
10777
10767
10872
10183
9904
10659
10172
9451
10009
10108
10088
9740
10140
10020
10141
10129
10390
10719
9466
10486
10028
10212
9929
10130
9735
9737
10183
10349
10672
10801
10906
9412
9672
10825
10744
10172
9069
9805
10155
10112
10184
10121
10131
10285
10740
10240
10505
10180
10038
10237
9123
10073
10070
9800
9698
10205
10169
12783
10751
10748
10806
10507
10589
11125
10224
10593
10111
9840
9365
9814
10209
10185
10792
10130
9864
11562
11119
10690
10734
10707
10203
9085
10148
10677
10401
10796
10947
10672
10486
10141
9482
10076
10080
9674
10141
10091
10056
10114
10094
10072
10105
10132
10208
10326
10637
10563
10613
10363
10106
10706
10772
10639
10549
10381
10562
10228
10801
10161
8888
9639
10206
10309
8894
9812
9786
10223
8887
10136
9086
22719
10516
10912
10744
10686
10160
10194
9607
10171
10250
10775
10882
10810
9915
10260
10808
10635
11212
10043
10018
10219
9994
9061
10180
10042
9777
8882
9030
10704
10619
9820
9770
10144
10162
10177
10005
9943
10888
10820
11214
130702
10237
9952
10945
10221
10054
10167
10074
10144
9106
10131
10050
10086
10169
10715
10721
9335
10660
10063
10114
8841
10229
10041
9699
10121
10709
10684
11406
10656
10612
10574
10077
10291
9695
10080
10059
10203
10131
10232
10155
10161
10169
9893
10129
10179
10108
10149
9859
10045
10240
10142
10012
9954
10591
12466
11647
10854
10703
10807
10428
10260
22732
10244
10158
10164
9855
9617
10063
10249
10240
10170
10132
10183
10206
10094
10133
9042
10071
10128
10093
10139
10470
10138
10758
10718
10792
10840
10714
10515
10113
9621
10209
10148
10143
10135
9087
10079
8765
10088
10183
8852
9709
10719
10731
10746
10023
10129
10192
10618
11522
10414
11403
10799
10882
10367
10318
9919
10426
9777
10136
10138
10152
10254
10133
10070
9681
10271
9998
10668
10641
10545
10115
10137
10084
10253
10033
9237
10022
10643
10714
9356
26501
26129
10672
10581
10629
10144
10123
10071
10255
10190
9779
10151
10342
10744
10532
10185
8988
10284
9000
10055
10168
10107
10157
10009
10120
12457
9458
11011
10681
10875
10798
10256
10431
10197
10295
9908
10174
9843
10134
9828
9061
10076
10182
10068
9805
10252
10184
9658
10093
10630
10728
11606
10146
11267
9254
10760
9993
10197
8914
10139
10148
9108
10132
10110
10091
9990
10184
9760
10156
10208
10136
10162
10219
10141
10141
10097
9214
9773
10430
10739
12124
11778
11446
10884
10665
9828
10122
10239
10070
10501
10191
10153
10128
9381
10148
10077
10013
10194
9967
9958
10105
10093
10014
10132
11246
10747
10784
10151
12691
13584
10706
10718
9746
10094
9593
10217
10014
10081
9666
10229
10056
9745
10224
10201
10114
10083
10075
10202
10200
8927
10243
9433
10125
9744
10692
10715
10581
10628
10276
9400
9512
10117
10378
10214
9089
10098
9646
10143
10106
10142
10174
10041
10110
10018
10186
10066
10179
10044
10191
9993
10841
10743
10658
10657
9117
10171
11009
10780
10105
9884
10379
10314
10123
9981
10079
8946
10074
9640
10044
10095
8890
10115
9746
9652
10188
10098
10148
10632
10668
9600
87151
11250
14744
10695
10598
10817
10436
26042
10160
26519
9584
10142
10140
10158
10238
10076
10205
9639
8985
10106
10156
10183
10677
10110
9765
