12268
13599
33989
12624
12506
12513
12646
12549
12486
12593
12580
12559
12698
12446
12777
13163
12553
12684
12758
12635
14411
12525
29629
12319
13141
12953
13265
13086
11572
12524
12526
12147
12390
11379
12650
12688
12022
12136
12569
13212
13256
12051
13179
12095
12516
12543
12491
12119
12603
15729
11633
13460
13651
12708
13170
13042
12692
12656
12694
12644
12644
12621
12594
12492
12680
13252
12400
13199
13177
12577
12202
12478
12600
12551
12600
12549
14004
13295
11987
13425
13320
13328
12693
13276
12090
12738
12739
12659
13208
13434
15349
13338
12608
12036
12447
12579
12544
12676
12561
12737
12605
12740
12680
12669
13350
13428
13360
13247
11980
13177
12650
28991
13599
12675
12548
12098
13393
12041
29217
12566
12676
12563
12595
12576
12607
12417
12555
13188
11700
13415
12574
12773
12341
13100
13405
12652
12549
28028
13148
12431
12641
12659
12653
12639
12586
12538
12740
12586
12596
12656
29723
28511
12474
13173
12617
12511
16334
14888
28126
13346
12966
14480
12715
13329
13041
12603
13092
12651
12591
12798
12670
12717
12457
12742
12404
12569
11447
12645
12633
12152
12659
12322
12630
20111
13323
13593
12738
12646
13366
13488
13307
12150
13098
11916
12779
12694
12533
12554
12487
12540
14433
12900
13492
13225
12056
12458
12491
12852
12510
13394
13106
12518
12621
12595
13278
13370
13345
13201
12552
15273
12561
12581
12543
12599
12552
12592
11601
12462
12541
12651
12519
12109
12537
12557
12698
13538
12151
13274
14052
14277
11233
12209
13036
12359
13553
11741
12291
12623
12671
12605
12788
12611
12571
12386
12522
12497
12111
12510
12649
12596
12554
11401
13351
12896
13723
12764
14920
28914
12754
13372
13493
13347
12546
14624
13298
12560
16248
12158
12165
12177
12139
12559
12569
12571
12437
12448
12597
13540
11993
13252
12566
12631
12559
15252
13053
12681
28721
28774
28471
13320
13510
13256
11659
12577
11609
12604
11469
11290
12507
11397
13309
13216
12024
12222
11420
15289
13299
13235
13255
14022
14830
13237
13498
11619
12350
13453
13518
13368
13268
13376
12145
12661
12717
12545
12631
11892
12581
12740
12617
12554
12710
12525
14688
13567
13154
12129
14189
12372
12784
13129
13448
12760
12764
87473
12606
13249
12651
12598
12313
11950
10958
11395
12277
12674
12648
11297
15858
11974
13322
12113
12613
12562
13961
14205
12672
12582
28981
13734
12537
17076
13514
11656
12525
13936
12295
11047
12645
13106
11484
12506
12570
12663
12613
13286
12549
15519
11613
12705
12557
12523
12559
13324
13143
13319
12000
13232
12659
12551
12294
12571
12658
12641
12691
12655
12165
12567
12466
12785
24933
13331
12515
12524
12167
13391
12613
12731
12581
12661
13162
13238
12674
13209
13606
12901
12544
13109
12103
12369
12664
12448
12535
12428
12537
13275
13261
12935
12002
12492
17262
13362
13115
12537
12588
14356
12264
13279
12651
13307
13213
13854
13184
12625
11410
12517
12568
12536
12689
12650
12612
12553
12228
12630
12660
12521
13766
13263
13284
13357
12467
12401
12653
12362
14634
13831
13294
13297
12697
13322
12734
13001
13299
12634
12697
12408
12546
12530
12719
12711
12553
12555
12481
12812
13115
12682
12367
12588
12687
12589
12484
12738
13083
29477
12597
13665
12058
12767
12691
13283
12032
12629
11800
13380
13258
12605
12578
12492
13460
13433
13278
13427
12634
12649
12209
11081
12655
12552
13220
13311
13316
13448
13306
13183
13186
12078
12761
12588
12446
12529
12636
11474
12600
12503
13182
12039
13306
13574
12564
12632
12535
12068
12514
14570
12974
13284
13298
13454
12534
28560
12635
12601
12693
12121
12655
12394
12711
12290
11913
12711
28249
12014
13420
12492
12450
11276
12575
12578
12584
13409
20073
13093
12665
13656
13918
11635
14006
12658
11090
12585
12578
12519
12205
12607
12537
12164
13208
13059
12635
13296
13292
13076
12569
12119
12583
12497
13219
18820
13417
13241
13422
12636
13372
13312
12607
12719
12597
12526
11161
12585
12522
12572
11638
12840
12482
12518
12212
13400
11445
12724
12701
12130
12061
12593
13095
12653
12587
13685
13294
11671
12671
13494
12543
12320
12521
12716
12722
12702
12231
12536
12138
12380
14416
14887
13392
12544
12621
12669
12275
13090
13236
13266
15743
11852
12041
13424
13217
12121
12204
12748
12615
12392
12520
12417
12605
12659
12605
14891
13603
12581
13162
12556
11398
13317
15206
16644
16166
15033
13700
13742
12580
12645
11062
12308
12695
12615
10934
12614
12686
12601
11580
15947
11856
12639
12616
12567
11159
12414
12730
13261
13215
13851
20059
12614
13300
13228
13196
13637
13319
12551
11555
12617
12408
12505
12645
12613
12438
14821
13257
15306
13291
11975
11050
13661
12512
12704
12548
12212
12694
13840
13673
12691
13252
13165
13366
13369
12635
12311
12636
12688
12646
12548
12602
12714
13260
13384
12538
13373
12744
12554
12670
12561
12634
11346
12238
13316
13276
12550
13220
13315
17095
13380
11376
12603
12590
11103
12601
14528
11931
12495
12644
12645
12707
12543
13307
13039
16420
12543
12544
12157
10966
13490
12661
12578
12612
13406
13335
12589
11103
12656
13600
13332
12675
14628
12751
12084
12350
12613
12236
12704
13052
13229
12892
11774
12528
12137
12592
12667
12655
12518
13500
12711
13154
12627
13116
12811
11861
11135
12633
12597
11707
12535
12707
12621
12341
12731
12729
13298
13591
13291
11550
12661
13226
13180
12643
13264
12378
13953
12556
28750
13554
13292
13440
13938
12667
12542
12650
12167
12540
11099
11250
12582
12634
12254
13851
13268
11959
13401
13043
13324
12575
13225
11958
12560
12488
14825
13157
13306
13179
13507
12781
13296
12783
12622
12593
12589
12604
12444
12373
12554
13410
13148
12390
11400
11848
13187
13316
11699
13360
12606
12634
12575
12460
13119
12829
11923
13634
12682
13273
12583
12727
12023
12726
12400
12086
11944
12656
13271
13345
13707
12489
12587
12659
12149
12525
11038
11017
12439
13355
13242
13017
14254
13282
13443
12727
13391
12566
12643
12731
12508
12589
12589
12527
12519
12701
12540
13356
12549
12764
13292
12511
12561
12599
12617
12711
11985
12463
12834
13115
13133
13231
12789
13462
11415
12183
11987
14023
12605
12654
11257
12383
12526
12595
12490
12596
13383
13292
12628
12570
11516
12643
12772
12973
12531
12637
12534
13183
12662
13082
13296
13254
13245
