22298
23805
23842
20766
20566
22156
22436
21746
22523
20707
22037
24127
39340
23483
23502
22420
22407
23626
22432
22139
22512
21484
22566
21364
22453
22222
23602
23603
23457
23621
22415
22533
21574
22327
22230
23076
23727
20676
20553
39154
21064
21162
23709
20756
22480
19619
22514
22416
22536
22446
22296
22684
22631
22027
21278
22482
22533
23651
22410
21506
25125
24800
22475
22182
23484
23761
23388
22501
22335
22546
22632
22232
21652
22271
22409
22384
23767
29037
23748
21213
20924
20864
22560
22362
22665
20583
22365
21513
22813
22368
22497
23323
22386
22453
22451
22637
21692
22343
22238
22639
23035
22509
21701
21377
23660
22062
21481
22137
22104
21530
20556
116940
21738
22471
24569
20809
23612
24649
23501
23696
20638
20636
23641
20707
23472
23446
23353
23671
23370
21440
23203
23910
23547
22774
23868
23643
27708
23673
23371
22433
23855
23002
22286
22198
21742
21462
22447
22336
22554
22383
21342
22297
22515
20170
22460
23513
22664
23474
22580
22599
22536
22416
22654
22315
23637
21848
22733
22540
22112
23393
22854
22121
22307
22277
22250
21687
20048
22635
22831
23962
23590
23574
23705
22529
22371
23206
23561
23751
23669
38994
22409
22422
22379
23885
22192
22613
22304
22280
22895
26334
25044
34928
21877
22964
23485
21951
22189
21990
20258
22659
20171
22909
25067
22061
21889
23623
22327
22947
23634
22434
23605
23707
22104
22120
22348
22139
22392
22308
21171
22978
21116
23764
22407
21540
22491
20100
21640
23203
22902
41444
23189
23547
23610
22309
22250
22289
34664
22418
20450
22495
21456
41146
23181
23818
96021
21466
22425
22480
22535
22445
22314
22444
25027
23609
22156
19586
23792
20017
22438
23616
22545
22316
22408
22508
22535
22151
22536
22261
22346
23158
24173
22252
22369
21854
20174
24900
23960
28230
25480
23794
22655
21346
22181
22448
22368
20234
22263
22527
21276
22425
21413
22591
25860
23746
22700
22585
22291
22379
22134
22210
22569
22357
25535
23711
23942
22391
23626
24065
22323
23701
20764
23435
22184
20329
22386
22374
22655
22412
22444
23609
22475
24075
24292
22446
22311
22660
22198
22780
24927
22952
23571
40019
23530
22215
21710
23571
21578
22450
22335
22683
21718
22084
22354
34258
38600
21907
22957
22482
22430
21226
21745
22184
25362
29948
22366
22485
24077
20646
24008
22292
22375
22495
22150
22485
22429
22378
21401
28975
23728
23689
22999
22444
22465
21286
22342
22191
21795
20158
22420
25340
23684
22232
23035
24187
22726
38365
22474
22272
22308
21703
22157
22193
22880
23750
20581
23617
23073
23465
22163
22202
22505
22330
22499
21705
22099
20758
24464
22421
23618
39678
22185
22380
22446
22411
22407
21738
20440
22086
22479
22400
22591
22543
22648
26397
22566
22254
21991
21797
22461
22358
22416
22288
22725
22432
23623
22775
23613
25203
24000
23906
23588
22466
23715
22371
22369
22346
20034
22432
24573
23568
21549
20335
22361
22319
20284
20236
22414
22708
22472
22398
22316
22572
23544
23717
23450
23621
23742
23683
23301
22360
22229
22615
21945
22655
22449
22212
22594
38842
22670
23844
22121
23055
20814
20580
23544
21220
20048
20703
23698
23707
22240
22777
22794
22268
22518
22209
22486
22708
20416
22231
20317
36142
22301
23584
23795
23652
20186
20479
22328
22037
22074
22288
20254
22662
23197
21343
23661
23361
23635
23576
23854
20047
20548
22445
22708
22430
19648
22217
23639
22690
24676
22431
37827
23490
22663
23839
22236
20473
22454
22295
22259
21719
21528
23588
23602
22298
22875
23363
23566
22345
22343
21639
22268
22474
23732
23864
24151
22668
20662
22409
22388
22273
22636
20795
19978
22481
21499
21863
23644
22454
22775
23815
23281
23597
22497
20148
22294
22035
22316
24063
21541
23005
23789
23789
23739
22322
22422
22433
20246
22597
21666
22426
19591
23183
23538
20892
24210
22510
21470
23370
21801
22498
19658
22492
25261
23666
39300
22316
26062
19977
22398
21416
22456
22414
20128
22229
22547
22421
23308
21804
22061
22761
23702
23563
22435
21507
22273
22113
22266
20887
23628
22336
22510
22306
22244
22589
22191
21391
22539
22391
20010
22498
22537
19625
23939
23605
23391
23556
20828
187168
27556
22360
22715
22565
26926
22011
24381
21589
22572
26129
23803
20747
21705
22101
20111
22649
22272
25621
23418
23492
21819
22699
22569
22542
22494
22460
22257
43397
22549
20224
22390
21474
23559
23656
22396
22406
22370
22253
22436
22328
22538
23633
23489
23161
23921
22130
23538
22701
22590
23727
22547
22467
22681
22161
21478
22935
20198
22651
23732
23564
22406
22300
20656
22339
22190
21524
22587
22098
22425
23287
24072
21586
21216
23609
22354
21670
22428
23608
22474
22390
21121
22420
22539
22575
23158
23465
38709
22448
22417
22486
20465
22525
22638
22058
22477
22220
22128
23780
22544
38547
21492
23418
22628
23513
25260
23755
23688
22338
22182
22174
26252
23801
23392
21878
22292
22220
22401
22662
22614
22491
21469
22551
22205
22397
23579
23755
23696
26046
21447
23497
23637
22424
23423
24105
22513
29630
24101
24349
23236
22366
22301
22438
23630
23758
22859
22530
24708
25545
23637
23861
23413
21487
22268
38812
22245
22401
22443
22748
22149
22515
23510
22198
24001
22569
28513
23752
22297
22363
22447
21991
22476
22139
22338
23660
38820
19635
22298
38374
22327
22416
20454
22068
20266
19617
21835
22655
23927
24394
23263
23586
23599
23576
23702
21328
23324
20738
22140
24882
26156
23781
23440
23920
23258
24565
22190
22440
22698
22525
22881
22382
22570
21821
53638
23593
20569
22429
22346
22444
21915
23821
29796
24623
23250
26149
23803
22443
23461
20922
22289
22384
21512
22379
22564
24592
19605
21584
24493
21280
39190
26210
26186
22753
23342
22148
22724
22663
21847
22339
22111
24659
25179
22559
23826
22993
22458
22661
22501
23732
22410
23517
24035
22390
21173
21481
22578
22667
22329
19585
19581
21547
22325
24172
23850
23409
23603
23598
22635
22227
38881
22508
22021
22460
22551
52896
24352
23468
23623
35043
20310
22324
22250
21128
22449
22658
21711
22431
22395
23731
24480
23930
22500
24159
22645
20629
22668
21681
22418
22252
22615
22415
23804
22721
23688
22384
22504
22479
22261
22384
22652
22432
22445
20092
23609
23551
23559
22597
22597
20031
23333
22729
23941
22511
21199
22345
22451
22376
23221
23865
22088
23222
