1598
1581
1578
1577
1581
1608
1613
1593
1563
1738
1589
1761
1615
1704
1561
1548
1538
1586
1569
1580
1547
1620
1603
1536
1602
1591
1552
1585
1642
1555
1602
1565
1581
1564
1555
1602
1584
1555
1550
1546
1607
1582
1521
1664
1616
1567
1576
1601
1596
1593
1572
1573
1581
1599
1612
1552
1529
1571
1580
1575
1590
1565
1587
1576
1601
1552
1614
1524
1595
1629
1587
1593
1604
1609
1547
1560
1588
1581
1612
1581
1614
1606
1596
1607
1557
1595
1610
1567
1629
1581
1544
1581
1580
1575
1550
1618
1594
1560
1570
1612
1621
1579
1599
1537
1566
1583
1563
1560
1574
1606
1573
1548
1567
1605
1589
1578
1571
1573
1603
1561
1605
1587
1624
1555
1584
1606
1552
1624
1551
1590
1544
1603
1602
1565
1585
1562
1620
1604
1603
1561
1551
1598
1594
1615
1595
1566
1600
1554
1532
1577
1611
1602
1592
1562
1581
1552
1515
1563
1579
1587
1566
1563
1551
1556
1588
1576
1582
1551
1574
1585
1563
1548
1596
1581
1597
1568
1593
1618
1553
1557
1589
1557
1603
1558
1566
1580
1584
1544
1560
1588
1552
1575
1565
1609
1588
1611
1596
1583
1567
1625
1555
1593
1589
1548
1582
1565
1572
1622
1608
1566
1546
1600
1591
1602
1592
1571
1577
1579
1585
1542
1584
1583
1633
1620
1628
1586
1625
1612
1633
1602
1590
1564
1591
1533
1599
1566
1573
1561
1591
1542
1569
1615
1589
1561
1585
1566
1594
1589
1556
1576
1545
1588
1606
1519
1608
1514
1548
1534
1588
1589
1545
1545
1542
1556
1573
1616
1600
1562
1551
1580
1587
1581
1589
1529
1623
1552
1553
1584
1579
1557
1570
1616
1574
1584
1596
1530
1597
1590
1583
1578
1561
1640
1570
1550
1585
1595
1575
1565
1604
1573
1563
1596
1563
1588
1547
1572
1531
1584
1577
1579
1574
1607
1569
1583
1593
1588
1577
1570
1568
1627
1632
1655
1564
1592
1614
1640
1654
1588
1578
1585
1594
1575
1543
1572
1599
1552
1591
1582
1583
1573
1575
1578
1571
1623
1572
1579
1650
1623
1571
1570
1585
1550
1584
1568
1606
1559
1622
1536
1573
1519
1540
1554
1573
1521
1570
1634
1569
1594
1557
1614
1525
1590
1615
1598
1599
1558
1619
1588
1584
1597
1556
1547
1609
1628
1617
1607
1645
1664
1593
1633
1609
1567
1601
1591
1560
1570
1570
1613
1534
1556
1563
1555
1547
1561
1598
1610
1628
1572
1563
1599
1601
1561
1556
1590
1612
1615
1586
1548
1669
1613
1631
1621
1692
1654
1640
1654
1565
1604
1587
1589
1532
1562
1535
1599
1575
1570
1603
1646
1633
1654
1650
1630
1643
1612
1594
1579
1586
1607
1593
1589
1536
1541
1574
1616
1558
1554
1565
1571
1635
1539
1588
1600
1619
1574
1539
1586
1614
1568
1588
1569
1589
1648
1594
1693
1639
1584
1609
1600
1580
1610
1608
1546
1571
1563
1550
1608
1577
1593
1560
1648
1603
1580
1606
1648
1595
1606
1668
1626
1600
1601
1560
1553
1566
1555
1602
1613
1578
1660
1562
1557
1601
1599
1565
1600
1560
1568
1546
1535
1613
1592
1596
1616
1595
1571
1571
1543
1566
1615
1577
1556
1602
1567
1571
1546
1564
1587
1606
1592
1551
1610
1599
1609
1650
1570
1569
1578
1527
1560
1616
1582
1575
1570
1537
1572
1577
1619
1546
1603
1540
1551
1590
1638
1594
1603
1593
1598
1554
1587
1561
1563
1589
1560
1600
1586
1585
1578
1554
1601
1582
1597
1545
1554
1579
1577
1542
1587
1616
1589
1575
1602
1542
1566
1579
1598
1624
1559
1568
1570
1584
1593
1584
1591
1547
1586
1598
1604
1605
1573
1596
1605
1592
1599
1597
1599
1629
1616
1632
1592
1623
1649
1590
1653
1618
1591
1564
1568
1569
1558
1580
1610
1575
1570
1596
1529
1617
1584
1599
1590
1547
1602
1566
1568
1534
1588
1604
1587
1597
1572
1533
1628
1593
1581
1564
1565
1571
1580
1569
1629
1601
1550
1590
1610
1581
1562
1485
1574
1550
1623
1555
1600
1573
1570
1562
1538
1576
1593
1576
1564
1576
1564
1576
1575
1565
1629
1576
1559
1550
1606
1598
1590
1571
1610
1553
1538
1565
1579
1557
1575
1546
1574
1601
1587
1594
1579
1615
1608
1570
1616
1567
1575
1581
1579
1582
1564
1582
1540
1558
1592
1557
1596
1571
1535
1572
1565
1575
1556
1577
1571
1600
1607
1591
1621
1625
1627
1647
1614
1601
1576
1586
1571
1557
1586
1593
1551
1562
1551
1556
1588
1571
1572
1544
1562
1536
1554
1593
1580
1657
1641
1607
1559
1639
1587
1594
1613
1543
1563
1621
1603
1583
1564
1557
1532
1537
1579
1565
1546
1582
1560
1566
1591
1578
1573
1584
1575
1589
1573
1582
1606
1567
1566
1553
1590
1588
1551
1554
1575
1595
1577
1577
1577
1552
1568
1613
1597
1594
1608
1597
1601
1618
1506
1557
1572
1592
1565
1548
1580
1585
1524
1572
1533
1610
1584
1566
1580
1539
1565
1592
1575
1564
1574
1564
1603
1600
1610
1554
1649
1914
1559
1595
1565
1599
1564
1596
1583
1576
1564
1590
1601
1616
1582
1593
1537
1556
1579
1534
1589
1786
1566
1616
1540
1572
1562
1577
1566
1544
1567
1588
1578
1541
1576
1583
1546
1522
1589
1592
1565
1575
1566
1573
1575
1559
1589
1606
1529
1589
1534
1508
1587
1577
1532
1629
1560
1599
1590
1554
1564
1562
1562
1539
1548
1577
1554
1570
1584
1629
1594
1576
1604
1577
1568
1635
1559
1662
1573
1597
1573
1540
1602
1570
1562
1588
1582
1582
1578
1590
1541
1576
1565
1554
1571
1561
1562
1617
1580
1591
1565
1566
1553
1545
1563
1566
1583
1570
1591
1582
1541
1557
1581
1596
1594
1592
1530
1574
1623
1567
1576
1623
1575
1555
1589
1636
1542
1589
1608
1525
1554
1603
1607
1554
1567
1551
1562
1550
1570
1573
1546
1519
1619
1537
1596
1547
1564
1548
1561
1579
1577
1589
1549
1563
1615
1574
1560
1542
1578
1551
1590
1537
1585
1597
1542
