20042
23630
18357
20144
21920
23658
19923
21255
21237
20979
17845
20998
20675
19341
19389
20012
20283
19608
19966
19940
19431
19968
23164
18844
20125
20273
90568
19785
19935
20016
19887
19810
23228
19978
21162
22809
23349
22700
21140
20961
20950
20860
21010
21098
18360
20719
20199
21058
18385
21054
20285
20965
21125
21017
20834
20934
20994
24400
21276
22953
20943
20299
21006
20979
20841
18294
20976
20984
21360
20372
20900
20697
18932
21184
20902
20981
20881
20586
20973
21266
22191
21744
18536
21635
23322
21088
21487
19346
21549
23901
24325
19962
18138
19723
19934
95368
20085
19915
19973
19972
19932
20107
20614
20101
20226
19944
21156
24587
21638
20546
20530
19907
24266
20029
18767
19689
18176
19975
20014
19903
19885
20046
18970
20018
17783
19977
20047
20140
19343
18743
21198
20970
21070
20008
21289
20128
21322
21188
19940
20086
19215
19575
19821
19683
19784
17815
19983
19944
19555
19860
19984
20068
20019
19790
20884
20862
20302
19998
21304
21254
37908
20969
19735
36458
21450
20988
19924
19822
19937
20011
19939
20047
19632
19274
19159
20168
18975
18039
19931
20793
20116
21234
20723
18914
19772
20906
22673
19878
21490
20946
20071
19099
36059
19924
19916
17490
19905
20040
19671
18980
20195
20049
18969
19643
21227
21033
19990
19796
20846
17873
20065
18547
19882
22129
20907
20958
36036
19414
36183
17572
21638
18960
20093
19899
19160
20026
18141
19814
19986
17814
20018
19950
18859
20007
20062
19931
20112
96007
21170
23893
20177
39103
20752
20937
18123
21152
21485
20051
19919
20019
20204
19892
22192
21176
21314
19996
20887
17646
20122
19861
19984
19890
20109
21465
21301
21086
20070
19964
19833
19894
17879
21126
19989
20052
24293
22040
24689
21056
18479
19961
19174
19280
19946
19949
20040
21276
18849
21761
24543
20160
21164
21640
19982
20925
20725
21127
21230
19953
19947
19711
19985
19923
19932
19468
19804
19966
20190
20109
20081
19812
19891
20003
20139
21172
18893
21375
19739
21146
21137
20671
20889
21033
20897
20037
20020
18040
21052
21043
21085
19830
20067
19784
20167
19939
20098
20134
20117
22157
21013
21128
19975
19968
21919
21209
18410
22303
19922
21138
20979
20027
21101
23218
19391
21300
20865
19883
20061
17958
20172
20033
19978
19173
19933
19949
20006
22274
21299
21282
20793
19928
18946
23188
17889
19616
19747
19983
21111
19769
19974
21049
21129
18007
20047
20095
19997
20209
20045
19875
20023
19849
19970
20052
21165
21058
19402
21039
20097
22745
20983
21060
19815
18799
19763
21355
18590
21179
19941
19102
18935
20104
19969
19968
19570
18959
19974
20029
20099
22114
21185
21220
21405
19746
19779
20125
20229
21202
20918
21319
21324
19996
19808
21138
18671
19992
20019
19932
19356
19965
19984
19969
19708
19988
20052
21302
17402
19953
20899
21314
20275
23669
21942
20990
22612
21027
20788
19987
19846
20018
19170
20012
20093
18913
19830
19946
19949
19939
19703
17469
20849
20819
19904
19957
21387
21183
21230
19036
22941
21159
21320
20154
18964
21120
20033
21196
19858
21244
19800
20042
18374
19983
19913
19795
19202
20016
19945
18127
20030
19651
22873
21282
21041
20215
30261
20032
20269
20760
35041
18673
21154
19917
21017
21073
21441
21073
19990
20056
19962
20101
19784
19918
19948
19905
24257
20024
21090
20205
19058
19669
23349
21115
20552
21119
19295
21466
34782
21094
21154
20974
19799
19627
19752
19798
19816
19994
19826
20125
19862
19981
19889
20005
20816
21247
20991
21196
22482
20885
21107
21098
21131
21087
21172
21227
20263
20413
19946
17939
20159
20056
21197
20946
20007
21119
20053
20041
20044
19974
19764
23733
20795
21081
19892
20004
19987
20742
21057
21241
21267
20165
18843
21050
34861
20150
20064
32554
19383
21072
20969
18028
19668
22949
19341
21161
21964
21781
19940
20084
22658
19840
21033
21096
21425
21136
20636
18554
19588
17776
20071
18276
20039
19726
19929
17509
20136
20045
20946
17475
21137
19909
21225
20743
20988
20010
21295
22316
20627
20209
36390
22929
20886
20640
20298
21122
21033
20720
18311
19953
20316
19910
20191
19152
19959
17388
20083
19318
19961
21020
19220
19913
21039
25522
21106
19984
19175
20731
20895
20091
20147
19222
21070
17861
20052
20004
19813
19764
18411
19323
19185
19774
19575
19689
25940
20144
20635
20068
19111
22842
20924
20947
21605
20032
20099
21268
20986
20082
19897
20046
19728
19917
20008
21177
21049
21013
20037
19850
20049
19919
17629
22895
20663
19910
18899
20042
21018
17970
20084
20687
20178
19977
20095
21053
20025
19905
19985
20580
19991
20049
17438
20033
19916
20139
19777
19954
20779
20894
21716
19921
20508
22593
21243
21251
20883
21094
19913
20866
19367
20047
19848
20037
19937
19812
19709
19952
18239
19919
19845
20849
21013
23336
20971
19987
17497
20047
22733
21130
19693
17903
17948
19559
19935
19927
19736
20177
20121
20017
19867
19882
19907
19958
20000
20072
21117
21054
19818
18774
19966
21175
19960
20150
33080
20721
37100
20271
17759
20077
20023
19857
20164
19998
19966
19109
19990
20143
17973
19939
19748
20200
19864
20152
21023
21214
21058
19046
19942
20135
21511
21270
36953
20282
20916
20255
19971
21037
18323
20000
23212
22847
20083
19926
19829
20187
18191
20086
21707
20831
20485
19969
20119
23117
40930
21282
19100
20787
21352
20996
21222
21807
19948
21505
19987
19570
19965
19163
18046
19172
20142
18502
20075
19731
20285
19679
20917
21057
19922
22490
21082
20875
18849
21103
20037
23794
19323
19861
19862
20175
19880
20068
18277
18975
21004
18080
20598
19855
22976
19883
20945
20732
21293
19645
20037
20018
32550
20920
20310
21119
20249
19868
22929
19923
19957
19605
19985
20119
19982
19512
20012
19946
19920
37630
20933
18204
21860
21182
20940
19684
18097
21206
19944
18997
21234
20112
22031
20133
19974
21204
19122
20179
20093
19844
19333
20018
18972
28736
21347
20218
21035
21123
20991
19993
17834
19921
21201
19937
20094
36978
20221
21147
17826
20880
20043
23344
21149
19932
19618
20282
18992
19340
20148
20377
20847
21196
19633
19874
19920
19016
20194
19904
22516
20229
17983
19369
21036
21342
20030
19716
19983
21171
18226
17515
19213
20028
20080
19246
19775
21028
19262
22734
20944
20043
21303
20117
19964
20117
22976
21328
20243
20865
21831
22001
19023
20823
