5874
5505
5057
5302
5294
5255
4902
5163
7552
6529
5259
5662
5325
5168
6378
5439
6701
6604
6020
5268
5223
6957
5248
4882
4998
5892
5657
5473
5556
5221
5234
5192
6629
5473
5220
5531
5262
5517
5394
5483
5727
5940
5483
4764
4666
5176
5200
5257
5173
5139
5298
5317
6869
5481
5890
5375
4789
4771
5131
5561
5424
5376
5502
5277
5729
7441
5499
12277
5020
5473
20856
5270
5254
5226
4655
5200
5244
5172
5206
5712
4738
5257
6874
5686
5519
5075
5209
5227
5281
5126
5168
5169
5215
5098
5459
5502
5546
5507
5600
5594
5220
5205
4727
5348
5200
5146
5269
5237
5173
5211
5114
5245
5364
5578
5238
5130
5992
6220
5039
6216
7119
5241
4665
5413
5579
5533
5572
5973
6326
6627
5242
6554
5182
5271
5114
5200
5275
5257
5536
5495
5804
5252
6897
5800
6058
5020
5188
5309
6707
6748
5439
5247
5579
5664
5607
5543
5547
5260
5408
5413
5496
5139
5352
5171
5640
5493
5563
5227
4999
5321
4943
4595
5186
5228
4768
5071
5131
5485
5536
5299
5569
4994
5525
5454
5424
5212
5210
5262
5133
5270
5191
5581
5206
5581
5475
5583
5471
5083
4666
5241
5193
5195
5171
5123
5200
6226
6546
5570
5654
5011
5553
5606
5473
5441
5483
5383
5135
5332
5173
5110
5210
5459
6428
5452
4893
5189
5207
4733
5231
5112
5371
5250
4723
4756
5164
5462
5201
5519
5541
5130
5539
5631
5076
5170
5128
5247
5208
4785
5092
5227
6017
5523
5263
5245
20953
5521
5104
4648
5162
5205
5288
5256
5219
5505
5467
5482
5354
5649
5565
5240
5239
5286
5223
5144
5550
5267
6020
5226
5518
5601
5230
5043
4899
4813
5174
5210
5287
5292
5213
5136
5115
5415
5259
5430
5830
5517
5432
5505
5645
5295
4854
5223
5197
5214
5197
5182
5173
6065
5528
5540
5205
5236
5209
5260
5227
5160
4709
5275
5284
5291
4879
5287
5624
5523
5429
5672
5505
5485
5666
5516
5167
5129
5356
5360
5320
5120
7330
5285
5562
5189
5309
5159
5215
5487
5459
5291
5563
5607
5666
5468
5497
5685
5646
5465
21439
5204
5193
5173
5178
5214
4683
5164
5246
5206
5631
5439
5535
5118
5185
4992
4731
5066
5207
5254
5237
5310
5149
5210
5593
5477
5657
5134
5257
4891
5482
5148
6369
5465
5179
5208
5067
5141
5316
7594
5527
5510
5165
4733
5550
5857
5513
5195
5119
4784
5135
5195
6439
5950
5564
5118
4979
5562
5487
5428
5212
5133
5206
5279
5309
5151
5300
5424
5519
5556
5562
4687
5067
5103
5200
5175
5186
4844
5180
5303
5586
5481
5067
4898
5566
5903
5551
5104
5335
5774
5126
4618
5248
5228
5176
5495
5747
5511
5157
5095
5121
5186
5345
5265
5182
6046
6570
7600
6310
7554
6014
5587
5664
5447
5607
5287
6087
5474
5522
5443
5165
4921
6002
5260
5524
4834
5163
5260
5167
5053
5275
5095
5259
5291
5170
6031
5628
5086
6417
21039
5222
5539
5542
5421
5510
5274
5219
5113
5171
5701
5485
5164
5601
4855
5176
4992
5231
5197
6253
5210
6481
5909
6412
6219
5525
6718
5432
5194
5491
5441
4978
5117
5215
5175
5176
5117
5814
5689
5532
5537
5053
5120
5206
5490
5500
5476
5405
5454
5182
4778
6093
7205
4953
5460
5718
5813
5300
6108
5153
5197
5207
5205
5230
5184
5238
5837
5486
5516
5193
5204
5286
5546
5144
5529
4622
5208
4841
5121
5823
6545
6078
5525
5479
5472
5225
5185
5207
5250
4736
4906
5232
5222
5158
6459
5526
5539
5046
5488
4997
5488
5530
5169
4997
5189
5299
4977
6141
5410
5474
5495
5042
5659
5562
5187
5183
5225
5195
5214
5053
5872
5520
5539
5526
4713
5501
5336
5473
5489
5265
5176
4820
5215
4842
5117
5584
5446
5708
5670
5460
4983
4617
5160
5162
5106
5191
5162
5188
5170
5176
21350
5656
5167
5203
5273
5209
4660
5178
5232
4964
5446
5546
5112
5883
6469
5454
5256
5602
21015
5638
5707
5157
5184
5180
5104
5197
5227
5255
5558
5204
5660
5217
5187
5146
5225
5221
5459
5442
5567
5580
5257
4773
5234
6561
5551
5456
5230
4863
5548
5717
5311
5087
4705
5138
5304
5224
5213
7118
5609
5503
5183
5216
5114
5521
5397
5477
5502
5434
5253
5124
5192
5602
5508
5497
6009
6052
5002
5311
5819
5294
5010
5173
5203
5213
5148
5011
5539
5477
5257
5658
4615
5627
5511
5086
5505
5424
5167
5153
5241
5177
5204
5188
5240
5535
5036
4973
5627
5881
5495
5072
5111
4931
5321
5509
5173
5245
5520
5584
4979
5306
5481
5473
5458
5246
5355
5137
4656
5174
5319
4712
5484
6123
5548
5586
5562
5082
6270
5221
5211
5260
5161
5225
5272
5414
5577
5767
5452
5107
5228
5221
5120
5230
4737
5020
5266
5224
5191
5159
5800
5488
5469
5274
5591
5145
5463
5506
5497
5010
5074
5205
5175
5954
5352
5741
5505
5252
5219
5244
5288
5181
5213
5232
5173
5182
5220
5161
4648
5200
5147
5570
6217
5438
5149
5452
5448
5582
5175
5548
5146
5233
5887
5808
5891
6168
5575
6401
5206
5104
5159
5254
5078
4953
5196
5163
5726
7160
5513
5705
5579
5414
5510
5299
5150
5001
5192
5176
5172
6227
6417
5787
5568
5208
5157
5801
4820
5095
5255
4621
4649
4980
4797
5352
5289
5451
5559
5620
5811
5587
5157
5480
5139
5234
5282
5244
5267
4815
5458
5580
5376
5071
5117
5559
5541
5442
5242
5450
5207
5107
5142
5318
5191
5203
5114
5395
5059
5615
5632
5432
5544
5233
5257
5127
5177
5552
5180
6262
5676
5549
5524
5197
5434
5486
5419
5200
5159
5163
5293
5302
5167
4971
5185
5142
6024
5520
5436
5177
5519
4848
5687
5411
5221
5328
5157
5085
5475
5560
5380
5518
5164
4617
5156
5204
5194
5019
5180
5211
6245
6394
6120
6161
7693
7598
6046
6848
6652
184224
5809
6363
5111
5374
4943
5122
5125
5120
5236
4666
5290
5264
5254
5464
5302
4836
4701
5081
5163
5179
6563
