2411
2385
2415
2404
2415
2388
5522
2464
2488
2488
2491
2416
2491
2429
2505
2390
2414
2477
2435
2481
2413
2404
2406
2405
2388
2401
2409
2386
2430
2390
2406
2388
2407
2435
2396
2415
2403
2473
2428
2427
2456
2454
2376
2422
2458
2420
2443
2406
2437
2402
2412
2422
2456
2435
2373
2402
2407
2436
2353
2376
2387
2409
2436
2400
2393
2405
2380
2397
2398
2434
2398
2429
2389
2398
2417
2447
2395
2461
2336
2386
2361
2410
2405
2399
2359
2413
2380
2386
2402
2388
2412
2383
2374
2450
2429
2419
2411
2351
2409
2396
2410
2350
2397
2420
2355
2358
2371
2366
2381
2383
2438
2380
2408
2435
2456
2397
2347
2411
2397
2404
2397
2443
2377
2398
2363
2411
2382
2382
2380
2423
2407
2388
2384
2404
2401
2389
2452
2447
2394
2403
2398
2429
2362
2459
2365
2363
2379
2400
2384
2408
2382
2398
2399
2400
2402
2441
2388
2402
2390
2348
2386
2405
2497
2378
2359
2426
2382
2422
2382
2400
2360
2475
2438
2407
2496
2395
2477
2491
2447
2396
2433
2420
2389
2424
2386
2392
2396
2555
2407
2334
2425
2352
2363
2355
2422
2444
2418
2436
2391
2358
2398
2365
2408
2427
2369
2401
2410
2387
2397
2325
2452
2388
2389
2416
2384
2354
2409
2334
2385
2411
2403
2421
2397
2358
2358
2488
2442
2435
2401
2414
2430
2391
2508
2383
2438
2363
2410
2375
2443
2375
2407
2426
2398
2409
2440
2361
2425
2429
2428
2434
2417
2376
2390
2342
2385
2433
2440
2398
2431
2404
2414
2416
2417
2329
2402
2351
2421
2434
2458
2391
2439
2436
2487
2425
2491
2436
2417
2409
2408
2392
2393
2365
2414
2371
2430
2328
2385
2384
2410
2392
2386
2375
2391
2375
2422
2379
2384
2369
2392
2368
2373
2420
2343
2365
2401
2392
2398
2441
2413
2383
2498
2417
2438
2518
2475
2431
2419
2417
2408
2409
2421
2402
2414
2376
2375
2442
2377
2370
2391
2361
2397
2471
2417
2441
2371
2377
2368
2426
2397
2417
2366
2440
2406
2372
2371
2398
2383
2380
2407
2377
2423
2396
7484
2360
2453
2393
2370
2407
2421
2378
2417
2419
2371
2379
2404
2432
2361
2425
2406
2412
2516
2468
2460
2450
2463
2458
2424
2450
2432
2338
2398
2407
2400
2376
2375
2388
2381
2403
2388
2371
2425
2429
2406
2383
2445
2387
2427
2370
2377
2402
2365
2387
2449
2342
2438
2472
2381
2397
2391
2431
2368
2389
2417
2482
2475
2491
2470
2467
2436
2447
2505
2360
2415
2416
2390
2366
2395
2386
2411
2377
2454
2383
2398
2385
2395
2390
2340
2455
2440
2445
2379
2403
2397
2399
2431
2352
2365
2379
2404
2458
2394
2354
2424
2424
2460
2395
2379
2375
2404
2409
2378
2342
2351
2442
2431
2370
2379
2386
2364
2373
2426
2336
2418
2438
2345
2416
2415
2371
2389
2416
2411
2413
2357
2352
2405
2385
2426
2857
2749
2467
2513
2469
2424
2395
2388
2415
8619
2360
2380
2467
2339
2398
2414
2389
2406
2406
2412
2429
2430
2357
2377
2386
2383
2386
2423
2418
2412
2383
2436
2380
2361
2433
3044
2427
2410
2398
2366
2444
2446
2441
2416
2310
2360
2425
2472
2409
2384
2428
2434
2415
2366
2438
2418
2394
2411
2415
2443
2415
2397
2448
2384
2392
2466
2387
2409
2374
2361
2385
2384
2453
2401
2373
2396
2387
2347
2368
2431
2462
2454
2443
2487
2524
2453
2483
2395
2347
2349
2447
2404
2442
2393
2386
2406
2387
2369
2331
2471
2359
2405
2427
2432
2395
2415
2410
2445
2399
2345
2342
2415
2391
2320
2502
2484
2434
2532
2510
2472
2413
2512
2398
2366
2369
2398
2449
2414
2407
2410
2380
2427
2362
2424
2377
2425
2386
2411
2357
2400
2466
2488
2465
2458
2443
2460
2459
2528
2429
2441
2389
2396
2449
2411
2429
2402
2386
2387
2441
2405
2367
2397
2431
2379
2381
2333
2387
2380
2416
2400
2425
2361
2420
2391
2481
2430
2503
2479
2400
2456
2468
2444
2447
2413
2369
2441
2399
2384
2356
2368
2390
2397
2412
2384
2387
2380
2401
2375
2444
2365
2394
2427
2372
2345
2408
2398
2364
2357
2390
2496
2454
2497
2431
2486
2468
2426
2445
2470
2457
2437
2448
2453
2515
2465
2504
2434
2468
2532
2417
2482
2491
2531
2518
2498
2359
2423
2384
2408
2413
2439
2345
2357
2419
2458
2382
2398
2397
2407
2410
2442
2397
2396
2404
2365
2469
2418
2457
2389
2391
2354
2484
2426
2461
2478
2469
2448
2391
2397
2417
2420
2461
2411
2410
2403
2394
2400
2434
2405
2440
2389
2411
2376
2421
2404
2444
2503
2408
2407
2382
2410
2396
2433
2377
2417
2383
2409
2435
2385
2391
2435
2430
2430
2430
2402
2419
2379
2405
2427
2358
2364
2388
2386
2395
2370
2406
2410
2376
2446
2389
2411
7551
2377
2339
2394
2336
2447
2368
2439
2346
2463
2494
2478
2448
2467
2432
2451
2486
2471
2509
2461
2396
2474
2503
2413
2492
2433
2457
2446
2505
2468
2465
2496
2496
2474
2449
2443
2451
2425
2465
2451
2469
2460
2460
2398
2389
2343
2377
2415
2364
2416
2364
2471
2447
2369
2364
2395
2436
2382
2392
2357
2354
2420
2395
2376
2431
2379
2373
2372
2419
2388
2393
2408
2403
2399
2430
2430
2333
2403
2419
2381
2407
2420
2389
2367
2395
2407
2419
2440
2426
2435
2408
2360
2413
2374
2416
2399
2365
2349
2397
2361
2395
2375
2494
2362
2350
2439
2388
2358
2434
2413
2388
2386
2367
2483
2461
2469
2480
2461
2423
2364
2398
2419
2460
2380
2490
2396
2409
2390
2409
2420
2392
2455
2383
2393
2377
2413
2434
2460
2416
2437
2439
2477
2390
2398
2338
2383
2435
2373
2412
2410
2364
2421
2420
2412
2426
2427
2374
2396
2351
2379
2396
2380
2393
2404
2429
2437
2395
2325
2401
2358
2402
2382
2374
2401
2385
2481
2413
2423
2334
2382
2394
2499
2475
2462
2495
2462
2439
2521
2417
2408
2420
2395
2439
