17529
17527
17862
18125
17115
20656
18594
18333
39339
17386
15655
17316
17065
17578
17725
23944
17257
17513
17479
16996
17646
17564
17426
16430
18753
20276
18312
18356
17407
18622
18436
18339
18436
35534
17557
17561
16679
17437
17514
17695
17534
17840
17600
15826
17693
17461
17021
17377
19269
17777
17540
18454
18394
21029
18560
18844
16917
17134
33682
34222
17557
16705
17467
17628
16241
17683
16700
16642
17055
17694
17613
17229
17342
18267
40395
20719
17622
18764
21910
17474
16119
18358
19773
18906
17430
18393
18108
16239
18348
18627
18339
18613
18449
16921
16640
18362
18022
16569
18377
18405
17554
17366
17660
17622
19642
18016
18598
18448
16051
18708
18090
18270
18444
17283
17894
17120
17620
17474
17495
17723
17703
18193
18303
17551
17555
17470
17605
17461
17445
17561
17590
15723
34310
18817
18535
17478
18470
17588
15412
17470
16728
17523
17658
17672
15456
17710
17141
17431
17395
17121
17547
17293
17499
17595
17521
16083
18272
21239
19519
20847
18287
20979
19009
18624
18997
17559
20285
20119
22093
16066
21769
15579
16518
17674
17453
17541
17400
23622
17329
17524
17506
17507
18335
20849
18606
20195
18674
18615
18727
18378
17506
18497
18281
18510
18459
18435
18598
16447
17553
18463
18684
22284
18617
18649
17561
18501
18512
18451
18694
17039
18584
17722
18595
17742
19162
18557
18082
18272
17830
18652
18454
18563
16250
17995
18281
85529
17793
17572
19379
17440
18423
18467
17625
17441
17622
17430
19758
16384
19811
17532
21329
18325
18530
17673
17550
17507
17597
16592
15473
16733
17520
18445
18251
18615
16435
18533
18157
18329
18485
19600
17336
18550
17825
17873
18947
17611
17618
17385
17682
16922
93297
17654
17257
17507
17477
17572
17652
17658
17051
18456
17741
17291
17517
17411
17048
18836
18349
18646
17843
18633
16407
18239
17495
17063
17208
17552
17482
17536
17567
17579
17829
16617
33746
33206
17560
17517
16659
20556
17574
15816
16427
17615
16749
18356
18580
17778
16386
19005
18558
18591
17481
17536
17617
17452
17606
17447
17561
17329
17445
17475
16727
17439
17142
16854
18395
18320
18506
18413
17464
17565
19516
18302
34480
17535
17603
34432
18631
32338
17593
17813
15265
16744
17450
17626
17340
17543
17566
16520
17459
17554
18740
18548
18186
18588
17424
17492
19282
19858
16283
18833
18711
18325
17831
17455
18351
15607
17334
17412
17500
16769
16635
16809
17817
17662
17499
18681
18323
18389
18473
18343
17510
17694
17472
19198
19185
18473
18809
20359
17373
18325
16345
17473
17578
17630
17240
17412
15319
17279
17469
17654
17033
15246
17308
16775
16784
17528
17648
17655
29472
18598
17993
18438
18591
17763
18463
17502
35216
18555
34278
15314
17136
17341
17531
17332
17373
17618
15706
18268
18255
17508
18093
17312
17377
17471
16768
17191
17369
17338
17390
18409
18353
19128
18319
17254
17121
17522
33288
17690
17399
16734
15263
17419
17484
17276
17584
17472
15381
17359
16631
17627
18282
17488
18520
16084
17397
17504
17805
18584
18454
18595
18805
17413
18508
18461
17375
17566
17470
17655
17674
17277
16997
17504
17536
17467
16752
17456
17490
17797
17451
18465
18434
17542
17648
17573
18422
17923
17570
18355
18330
17227
18184
18380
18507
17547
16991
17574
17589
17509
17510
17378
17712
16744
17413
16443
18283
18491
17271
17496
15383
17522
17494
17604
17166
17490
21073
18784
18028
17828
17595
18794
15450
16871
17410
17167
17521
17530
17594
17756
17469
18375
17572
18444
18243
18401
17496
16644
15194
17498
17506
17285
18431
17256
20487
18470
16360
16715
16573
18717
17492
16934
17269
15847
17589
17182
17560
17498
33453
18453
18292
18435
17632
17422
17627
17360
17557
17485
18587
20243
15645
20393
18309
17371
18526
16864
34246
17565
17527
17459
15402
17763
17437
17513
15817
17472
17627
17510
17231
17237
17370
18476
15873
17557
18274
18746
21815
19311
20868
18476
17722
18627
18015
18004
17576
17519
17568
17693
16669
17487
17551
16014
17584
17624
16789
17046
16820
18368
17615
18363
16342
17573
17620
18296
26706
17721
18007
17435
18495
17227
32233
18337
17533
16718
17153
17084
17404
16716
17515
17333
17388
17524
16713
17698
17418
17602
15468
18267
17171
17385
20403
22052
17729
20536
18535
17742
17268
18450
17895
17451
17534
17377
17574
16772
17591
16601
16698
16425
17421
17517
17608
17330
15339
16785
17199
17537
17840
18474
19968
17902
18748
17575
17376
37855
16972
18417
17485
17572
16429
15878
16878
17388
17312
17641
17350
17460
17512
17519
16138
17532
17490
16177
18246
18694
31694
20903
20896
18374
18561
17468
17266
17706
17486
17592
17575
17578
16889
17541
17610
15362
17536
17683
17338
17403
16450
15351
17424
17566
17370
17652
15387
17372
21047
18748
18598
33808
18496
17719
16650
17538
18276
17446
17447
17596
17468
17393
17445
16621
17672
17247
15482
17542
17183
18463
18387
18703
18805
17343
18969
26957
18611
18533
18485
18558
16894
17732
16767
15709
17629
16971
17778
17506
17558
17469
17366
17464
17317
17357
24758
17615
17630
17370
17567
17500
15356
17436
19036
18637
18746
23415
20979
17589
16932
17588
17727
17546
17511
17205
16730
17693
17638
17556
15589
17390
17662
17761
17567
17425
17211
16676
17297
18509
18625
18530
20820
18253
18828
18369
18281
16595
17241
17516
17592
16774
17504
17513
17447
17591
17841
17559
17314
17518
17288
17543
17578
46490
18194
18370
18028
18418
15963
18116
17797
15512
18005
17597
16814
16837
17563
17380
17579
17392
17584
31400
17579
15265
16860
17458
17497
17658
15810
18375
18130
18642
21214
21506
22123
18556
17787
18454
17694
18028
18418
15117
17568
20976
17324
17470
17516
16730
17708
17529
16227
15411
17234
17548
18336
18245
18859
17055
19512
19103
21619
19544
18566
18435
17637
18227
17583
17201
17811
17374
17569
17534
17558
17464
17517
17616
15668
17408
17544
16113
18231
18413
18425
17461
16943
17240
17032
17739
18446
18566
17610
17171
18669
18680
17437
17372
17698
17347
17326
17644
17623
17301
17315
17446
18535
18271
18268
17538
17346
17446
17204
17521
17603
20258
18493
17975
18250
17579
18739
18078
18247
16463
17547
17456
17723
15226
17489
17563
15533
17236
18068
16169
18468
18461
17433
17414
17504
16682
17370
17412
17459
18486
17904
16722
17547
15889
17473
18298
17370
17223
