774
817
804
763
769
739
804
747
736
762
759
808
788
789
793
797
789
784
765
765
732
762
761
756
774
824
765
879
766
764
773
745
749
795
773
742
731
744
767
746
769
729
773
730
745
966
757
747
739
757
749
760
771
757
720
746
773
778
732
753
782
781
750
746
725
732
762
772
768
785
754
756
832
757
731
752
764
755
753
773
752
756
699
704
781
779
767
735
744
726
776
757
728
758
734
758
738
731
736
749
734
755
764
718
720
763
722
731
749
747
776
723
740
723
740
740
755
771
766
740
754
770
781
744
757
821
797
794
794
750
795
819
766
787
768
769
769
771
774
774
771
753
761
735
738
757
735
754
740
737
736
753
749
751
735
738
790
755
765
754
719
695
736
768
768
735
714
726
744
749
752
736
792
755
736
738
750
746
772
739
758
767
792
776
776
772
734
768
736
748
750
739
753
766
768
741
814
768
766
754
757
763
743
731
726
752
743
736
728
739
781
763
741
722
746
750
768
741
751
758
793
761
767
750
758
789
769
738
770
754
754
771
773
769
792
739
750
748
759
734
742
712
741
738
731
770
842
943
769
736
790
998
890
963
837
723
960
779
770
914
872
787
782
747
740
750
731
740
731
750
737
770
755
757
781
773
720
768
814
766
787
764
743
783
756
750
766
786
769
738
776
726
773
777
741
746
751
753
746
759
772
798
733
734
743
779
769
760
764
776
737
775
785
760
777
739
761
773
746
799
756
754
750
754
705
747
750
763
796
754
740
719
796
749
755
783
765
734
768
729
740
737
733
773
746
781
754
741
707
721
723
756
750
749
722
785
745
750
785
751
716
767
746
781
913
757
758
741
754
768
763
756
762
737
756
769
748
768
750
779
777
770
819
738
758
740
730
787
798
769
790
755
755
760
763
855
789
793
760
768
810
792
753
743
749
768
748
758
756
738
726
745
751
801
766
772
767
748
733
739
743
780
775
748
759
761
762
770
753
744
765
741
726
748
752
727
720
756
748
793
760
791
763
776
776
724
759
757
751
758
750
760
743
730
743
759
755
808
713
717
753
776
761
723
752
745
791
765
782
755
737
798
768
779
761
759
752
770
771
760
733
769
746
744
761
756
731
725
750
742
745
783
782
768
763
770
779
786
753
760
724
766
768
756
735
759
746
758
736
750
756
741
725
768
762
770
739
750
716
765
726
754
741
732
752
881
768
763
764
731
763
801
779
742
735
764
755
762
744
743
765
750
774
759
782
737
748
785
766
735
749
759
753
758
782
738
763
780
751
772
764
766
748
771
718
741
742
724
897
755
722
751
735
777
751
777
734
745
790
788
737
793
745
783
757
738
758
756
761
742
732
736
727
741
773
788
736
765
763
758
746
728
746
716
754
735
768
772
782
756
753
756
740
748
758
727
735
746
748
764
760
740
756
734
729
747
744
772
801
747
758
832
784
762
722
771
753
746
747
734
771
740
738
751
786
762
742
859
788
768
752
741
761
762
739
738
799
778
780
806
767
738
738
771
743
761
741
781
783
758
759
751
723
746
770
741
778
738
771
765
748
726
752
741
747
743
752
754
760
730
774
727
755
744
750
760
772
746
750
945
769
739
751
757
759
738
727
750
763
761
782
766
773
751
770
746
754
730
754
737
774
734
743
835
741
747
733
724
750
752
768
743
710
736
764
746
730
772
752
738
758
780
768
764
744
775
770
749
756
835
749
737
755
749
784
770
716
782
759
706
745
781
732
748
741
752
764
739
768
760
751
730
728
727
728
744
775
754
781
769
763
777
777
787
764
734
733
804
730
740
771
750
754
792
765
772
759
760
738
732
750
780
811
734
761
777
762
755
750
758
846
751
776
796
733
773
738
748
762
793
821
754
16929
750
770
771
740
759
795
753
773
744
756
720
782
761
796
752
702
766
831
773
772
790
740
812
771
769
722
730
762
775
758
768
739
730
740
758
740
759
767
769
759
801
760
758
753
796
757
763
805
759
720
726
799
762
761
748
759
746
727
744
746
754
764
748
731
753
762
759
766
750
771
771
767
823
793
785
775
765
814
779
786
737
758
788
788
761
762
766
774
770
725
769
728
782
742
725
746
754
749
753
764
759
755
739
742
750
868
1083
812
853
798
775
789
773
755
766
727
753
727
744
741
785
706
798
738
737
759
772
744
742
757
722
754
746
710
744
733
761
760
725
736
747
743
728
722
740
750
773
748
784
739
720
773
762
747
735
762
738
726
771
735
752
754
753
741
778
757
749
801
754
752
791
730
750
764
764
737
724
