7694
7554
7640
7460
7626
7754
7673
7383
7961
7679
7439
7756
7619
7669
7583
6860
7425
8684
9597
9334
10431
10361
8023
7694
6855
7715
7431
7641
8131
8263
8015
8225
7742
8536
7742
7663
7700
7440
7447
7351
7643
7772
7646
8142
8106
9469
7621
24551
9213
8117
8062
8055
7642
7763
7697
7679
7755
8058
7649
7746
8030
8175
7189
7648
7539
7610
7698
7744
7669
7657
7570
8684
12249
7473
8279
8162
7999
8110
8260
7635
7619
7683
8729
9120
7270
19989
7762
7921
7697
7604
7471
7630
7688
7422
7724
7118
7694
7558
7672
8719
7672
7434
8242
8095
7683
7976
7783
6809
7766
8117
8966
7672
7751
7530
8110
6861
7699
7774
7868
7596
7824
6796
7766
7715
7742
7229
6803
8100
8027
8002
8137
8082
8239
7061
6737
7211
8552
9484
8101
7322
7648
7674
7652
7774
7678
7527
7579
7686
7672
7625
7562
7610
7752
7683
7905
8042
7957
8516
8168
7749
7626
7799
7770
7784
6789
7664
9091
8135
7721
7374
7664
7578
7693
7249
8059
8230
7367
7810
7727
6770
7705
7715
7846
9279
8203
8140
8119
7600
8174
8160
8621
7674
7680
8115
8089
8121
7568
7484
7624
7659
8089
7644
7674
6958
7639
7675
7753
7611
7478
7706
7835
8062
7717
7540
7819
7532
7215
7701
7465
7828
9142
8185
7776
8004
7767
7306
8067
7576
7650
8151
7503
6798
7548
7613
7628
7703
7089
7596
7675
8598
8115
8363
8210
8346
8302
8242
8047
7623
7639
9691
8411
8080
7261
7683
7696
7566
7583
7641
7665
7629
7603
8066
7966
8023
7657
8085
7703
8954
7035
7341
7242
7965
24427
7185
7490
6917
6921
8855
7761
7988
7198
8082
8122
8090
7792
7730
7422
7816
7671
7725
7595
7365
7627
7780
8244
8333
7628
8307
7338
7533
8141
7700
7674
7710
7679
8185
8333
7572
7683
7641
7627
7660
7773
7629
7368
8123
8091
7718
7690
7392
7769
7618
10383
10433
8164
8105
8101
8189
8330
8087
7602
7594
7387
7667
8471
6913
7687
7576
7320
7715
7624
7619
7654
7703
7625
7433
7430
7716
7678
7993
8184
7214
7925
8086
8092
8092
8126
7297
7396
8667
7728
7688
9619
8073
7630
7666
7678
7687
8048
8142
8021
8184
7864
7437
7579
7596
6867
7418
7755
7608
8553
7705
8324
8320
7475
8100
20309
7351
7620
9097
7638
8018
7992
7727
7715
8061
8146
8067
8131
7750
7742
7645
7709
7665
7417
6732
6790
7880
8108
8132
8159
7708
7656
8617
8078
8071
8106
7820
7627
7324
7437
7735
7614
7758
7733
7753
7749
7674
7693
8120
7852
7715
7678
6872
7734
9073
8329
7814
8060
8003
8179
8223
7194
7637
9291
8093
8322
8132
7268
7694
7638
7047
7697
7666
7636
9164
9362
8310
7495
7541
7694
7764
7363
8029
7644
8030
8167
7619
8356
8065
7875
8080
7592
7680
7586
7745
7681
7503
7013
7619
7636
6771
7710
6939
7714
7731
8097
8132
9765
10748
8815
8576
8303
8201
8366
7664
8564
7380
8197
7662
7688
7689
7370
7654
8122
8205
8107
8229
7737
7617
7455
7626
7697
7722
7712
7756
8740
7687
7676
8090
8116
8024
7786
8417
9491
8173
8157
7366
7629
7619
7703
7681
7631
7660
7644
6784
7765
7707
8127
8111
8073
8059
7653
7772
8125
8211
8050
8072
8352
8150
7732
8437
8206
8176
8145
7062
7728
7651
8577
7811
6749
7736
7701
7630
7543
8136
8062
8180
8812
9138
8602
11036
10927
9044
8506
8905
7780
9614
7755
7659
7841
7054
7502
7627
7598
7682
7702
7726
7555
7736
7710
8109
8013
7693
7363
7653
7683
7575
7740
8095
8001
7608
8048
7727
7863
8247
8061
8073
7638
7648
7017
7656
7672
6846
7708
7559
7691
7723
7860
8213
7643
7658
7649
7716
6835
7711
8684
8181
8129
8165
8152
8145
9579
7625
7115
7754
9433
9800
8268
7207
23679
9037
7500
8160
7756
8953
8656
8247
8237
8521
8386
8193
8254
7785
7790
7656
7669
7653
7729
8108
8101
8088
8040
8205
7618
7606
6856
7317
7645
7710
7547
7365
8909
12123
7721
7550
7864
8136
8804
24607
7149
8169
7760
7701
7689
8212
7545
7662
7636
7638
7691
7727
7693
9498
7711
8051
7488
7186
7747
7734
8870
7748
8106
8259
8044
7626
8049
7581
7127
7696
7632
7666
7776
7609
7489
7775
8990
7443
7671
8265
7639
7989
8282
8054
8215
6745
7436
6696
8918
8123
8102
7675
8319
8327
7392
8126
8165
7657
7791
7674
7739
7696
7703
7713
7605
7780
7018
7749
7848
7674
7696
7618
7649
7740
8136
8423
9504
8653
8723
8550
8073
9274
8608
7753
7862
7735
7391
7758
7685
7754
7645
7676
7665
7672
7598
7628
7658
7616
7683
7659
8064
8197
9066
8967
9837
10777
8133
8726
8166
8184
7376
7529
7674
7741
7688
7573
7706
8077
8021
8117
7585
7173
7638
7560
7726
6740
7701
7433
7452
7176
8216
11307
7704
7728
7956
8230
8871
7476
8116
7674
7720
6719
7690
7770
7549
7686
7758
7749
7647
7482
7579
7608
8031
8043
7376
8144
7593
7546
9038
9340
8376
8083
8530
7492
8197
7968
7665
7673
7639
6779
7877
6815
7685
7552
7715
7743
6982
7702
7704
7808
8108
7222
8045
7759
7751
7718
7686
8066
8080
8112
8460
8372
8850
8265
8635
8114
7654
7469
7589
7927
7647
7639
7683
7602
7653
7655
7665
8061
8055
7946
7622
7701
6790
7743
7627
8024
8175
7856
7826
8389
10239
7638
8111
7720
7700
7482
7637
7554
7715
7260
7666
7560
7832
9566
9475
8725
8793
9420
7017
7687
7363
7468
8094
8080
26766
8101
7815
8088
8069
7816
7660
7690
7154
7760
7829
7629
7797
7629
7488
7644
7709
7655
7702
7644
6746
7790
8104
8080
8099
7977
7632
7772
7654
8269
7775
8282
10121
8214
8188
7458
8594
7548
7631
7840
7270
7513
7733
7032
7617
7658
6822
7099
7713
8822
8062
8086
8006
7640
7695
7760
7723
7427
8173
8177
8171
9011
7815
7598
7180
8447
7703
7404
7737
7677
7621
7770
7650
7455
7614
7363
