4836
4490
4155
3245
3018
3584
4939
4680
3619
3246
3201
3326
3407
3391
3242
3269
3405
4862
3323
3239
3221
3237
3690
3192
3342
3232
3138
3238
3264
4033
3144
3270
3170
3208
3275
3317
2928
3322
2824
3328
3017
3308
3001
3076
2500
2945
2739
3071
2909
2981
3118
2891
2752
2994
2600
2767
2698
2751
2744
2866
2767
2551
2766
2761
2775
2851
3541
3010
3070
2646
2594
4085
2710
3185
3331
2782
2685
2726
2799
2759
2862
2852
2770
2543
2718
2783
2730
2789
2778
3849
2949
2950
3035
2899
3137
3456
2939
18666
2977
3075
3015
3096
2747
2746
2908
2683
2817
2746
2714
2805
2564
2732
2749
2749
2792
2548
2739
2603
2873
2878
2888
3681
2882
119212
3719
2623
2918
2994
3047
3052
2868
2986
2870
2910
2861
3042
2655
2784
2759
2880
2689
2882
2792
2711
4913
2750
2648
2866
3069
2843
2998
2876
3417
3517
2928
2913
2911
2910
3218
2636
3084
2983
2744
2845
2723
2867
2788
2820
2689
2749
2774
2799
2743
2788
2719
2729
2687
2732
2683
2879
2882
2851
2802
2938
2714
2954
2877
2949
2929
3018
2829
2877
2770
2786
2705
2861
2701
3100
2829
2891
2681
2760
2672
2819
2911
2656
2959
2802
2741
2870
2828
3294
2749
3059
3188
2890
3774
2685
3851
2771
3607
2832
3823
2959
3595
4009
2905
2982
2961
2768
3122
3055
2958
2742
2801
2977
2992
2915
2896
3054
2982
2751
2930
2896
2880
2874
2679
2652
2825
18675
2838
2890
2859
3685
2688
2610
2787
2837
2633
3210
2941
3013
2528
2865
2679
2859
3138
2974
2996
3280
3131
3062
2680
2845
15146
3290
2776
2535
3295
2691
2720
2732
2475
2570
2821
2709
2706
2747
2600
2561
2949
2907
2849
2711
2691
2490
2935
3063
2733
2944
3005
2751
2882
2888
2579
2974
2711
2765
2539
2573
2828
2765
2447
4039
3090
3136
2869
2902
2712
2783
2775
2799
3496
2746
2940
3075
3064
2653
2979
2732
4269
2715
3839
2751
3437
3096
2758
2704
2798
2758
2722
2729
2504
3310
2966
2753
2800
2446
2716
2939
2927
2992
3167
2793
3061
2754
2746
3071
2830
2845
2703
2798
3096
2827
2688
2931
2781
2728
2974
2702
2778
2958
3002
2780
2878
2752
3078
3644
3007
2611
3017
2897
2982
2801
2922
2954
2760
2707
2891
2494
2736
2635
2709
2715
2798
2746
2724
2795
2850
3769
4232
3045
2907
2714
2807
2470
3096
2988
2967
3051
3145
2941
2952
2867
2981
2791
2935
2829
2806
2695
2593
2689
2772
2766
2809
2906
2911
3002
2936
2994
2900
2919
2641
2720
2875
2764
2915
3023
2901
2802
2720
2838
2936
2701
2902
3121
2703
3196
2811
2550
2744
2698
2740
2758
2862
2786
2925
2769
2794
2737
2718
2709
2748
3232
2746
2685
2708
2958
3028
2971
2861
2901
2716
2763
2881
2670
2698
2556
2408
2721
2804
2736
2700
3147
2788
2755
3807
2951
2595
2780
2860
2823
2777
2878
2962
2930
3178
3090
3047
2864
2844
2941
2858
2579
2751
2730
2792
2600
2962
2627
2709
2961
2724
2706
2828
3399
2907
2934
2685
2731
2817
2867
2807
4153
2876
3130
3046
3034
2827
3074
2871
2887
2741
2851
2484
2819
2611
2784
2604
2739
2653
2887
2795
2758
3612
3047
2976
2765
2712
2744
2854
3313
3368
3049
3453
3427
3032
2940
2750
2918
2724
2665
2748
2932
2875
2834
2768
2602
2725
2923
2878
2762
2746
2937
2972
2792
2793
2727
2682
2826
2728
2617
2975
2965
3219
2982
3014
2895
3033
2867
2898
2802
2497
2733
2470
2762
2786
2748
2843
2823
2616
3328
3317
2842
2863
2785
3019
3595
3454
3611
2788
2924
2701
2642
2981
2910
2744
2505
2717
2766
2853
2744
2809
2604
2718
2637
2721
2777
2957
3170
3069
3375
3402
3636
3035
3297
2775
2910
3091
2977
2866
2766
2491
2951
2835
2565
2733
2804
2765
2918
2776
2934
2832
2799
3039
2935
2966
2709
2754
2757
2706
2734
3288
3940
3025
2988
2901
2760
3074
3576
2879
2876
2949
2770
2817
2716
2895
2840
2596
2729
2812
2907
2910
3488
2746
2738
2762
2805
2674
2765
2751
2792
2987
3084
2897
2959
2945
3123
2898
2766
2940
2757
2980
2908
2702
2870
2699
2738
2751
2737
3347
3072
2863
2922
2488
2744
2749
2756
2776
3423
3017
2795
3003
3200
2870
3099
2948
2885
2823
2501
2845
2753
2875
2700
2735
2719
2956
2739
2937
3147
2821
2748
2800
3072
2930
3127
2976
2967
3105
2898
2873
2757
2627
3258
2756
2754
2794
2707
2800
2771
2940
2893
2860
2945
2741
2733
2722
2578
2692
2713
3077
2894
2615
3430
3390
2938
2916
2755
2777
2522
2740
2763
2775
2714
2874
2729
2879
2917
2565
2916
3429
2952
19903
2889
2758
2679
2694
2603
3304
3516
3371
3929
3688
59874
2651
2679
2696
2721
2821
2784
2551
2811
2733
2775
2633
2700
2746
2974
2870
3204
2716
2685
2685
2786
2781
3435
2769
3323
3505
3008
2963
2680
3180
2933
2734
2938
2747
2778
2841
2861
2983
2998
2765
2790
2732
3074
2952
3010
3024
2597
2821
2522
2750
2785
2748
2902
2877
2870
3068
3462
2919
2832
2905
2709
2810
2870
2987
2907
2715
2787
2706
2691
2833
2771
3629
2830
2997
2540
2553
2597
2635
2701
2592
2857
3458
2846
2939
3304
4052
3539
3399
3314
2710
2509
2800
2752
2837
2746
2720
2796
2782
2897
2897
2964
2858
2532
2627
3792
3420
3407
3591
3192
2810
2951
2859
3317
2765
2818
2749
2788
2818
2708
2799
2730
2851
2789
2816
3300
2934
2951
2969
2900
2748
2894
2827
2730
2506
3086
2852
3000
2941
2651
2924
2743
3009
2727
2480
3072
2709
2778
2885
3083
2725
3005
2832
2718
2897
3016
3014
2749
2697
2758
2794
2702
2838
2929
2917
2852
2837
2932
3739
2888
2936
2882
2803
2465
2836
2830
2864
3356
3459
2718
3231
3352
3861
3025
2726
2777
2778
2561
2806
2754
2856
2907
2529
3387
2773
2982
2991
2931
