1006
1053
1039
1006
1012
1077
1037
1044
995
1030
1010
1061
1067
1073
1022
992
1066
1075
1045
1025
1002
1008
1056
1062
1031
1018
995
1025
1023
1000
1038
1006
1092
1045
1077
1053
1004
1040
1035
1064
1021
992
1048
1052
1027
1001
1002
1002
1012
1265
1035
1069
1046
1082
1221
1077
1107
1104
1037
1098
1031
1128
1057
1048
1049
1053
1056
1062
1015
1065
1049
1039
1047
1059
1016
1007
1212
1017
1056
1037
1024
998
1041
1046
1057
1037
1037
1059
1030
1051
1040
1007
998
1037
992
1024
996
980
991
1021
1021
1001
1013
1018
980
1044
1015
1004
1043
1136
1042
1036
1081
1063
1065
1041
1038
1033
1023
1012
1031
1026
1025
1052
1038
1033
1025
1031
1051
997
1033
1010
1032
1024
1050
1036
989
1014
1047
1039
1054
1078
1013
1026
1040
1035
1052
1024
1025
1028
1016
1059
1043
1026
1075
1048
1004
1033
1049
1085
1034
1006
998
1059
1060
1033
1070
1052
1024
1018
983
1037
1035
1037
1032
1031
1021
1001
1024
1052
1056
1037
1035
1021
1036
993
1034
1022
1025
1009
1011
1002
1047
988
997
989
1030
979
1021
1008
1026
990
1014
1028
1026
1031
1057
1069
1023
1035
1015
1013
1052
994
1046
1069
1032
1022
1000
1044
1033
1034
1011
1016
1051
1024
1005
1004
1033
1051
1006
1016
1033
995
1003
1002
1033
1022
1045
1029
997
1002
1032
1029
1019
1010
1021
993
1015
1003
1041
1028
1047
1070
1046
1047
1009
1030
996
1014
1041
994
1043
1038
1030
1053
1046
995
1001
1014
1014
1073
1039
1038
1013
1020
985
1044
981
1008
1028
988
1018
995
1025
985
998
998
1031
1041
997
1035
1005
994
1028
983
991
1050
1047
1029
996
1045
1010
1023
1032
1032
1071
1031
1055
987
1044
1049
1040
1031
1001
1031
1042
1039
1027
994
1002
1024
1061
1016
1061
982
1027
1029
1066
1042
1006
1049
1065
1082
1067
1041
1032
1028
1100
1031
1017
1076
1071
1013
1033
1045
986
1034
1044
1022
1055
1019
1034
1043
1054
1011
1014
1029
1015
1076
1020
1003
1049
1021
1010
1002
1039
994
1019
1027
1075
1026
1015
996
1004
1042
984
1017
1026
1062
1041
1041
1077
1005
1037
1042
1059
1036
1064
1011
1050
1003
1019
1014
1009
1054
1003
1043
994
1013
1001
1014
1022
1016
1014
1002
1047
998
1028
1036
990
1029
1010
1034
1024
1039
1041
1032
1049
1054
1081
1019
1035
1030
1045
1024
1036
997
1008
1064
1053
1022
1054
1000
1026
1023
1078
1003
995
1039
1002
1028
1017
1026
1014
1036
1006
1001
1031
994
998
1013
1031
1029
1003
1044
1023
1036
1050
1038
1024
989
1012
1033
1045
1029
1013
1021
1038
1031
1003
1006
1067
1016
1032
1049
1013
1050
1054
1097
1048
1051
1031
1075
1036
1033
999
1041
1022
1011
1002
1014
1041
1019
1023
1022
1027
1008
1015
1022
1026
1026
1012
1017
1044
1025
1005
1033
1029
1033
1046
1042
1035
1053
982
1016
1031
1033
1086
1010
1035
1020
1072
1041
1019
1006
1059
1013
995
1038
1022
1051
1019
1038
1038
1053
1007
1045
1041
1022
1036
1036
1003
1016
1050
1031
1037
1051
1014
1052
1021
1039
1030
1060
1041
998
1241
1018
1038
1055
1020
1043
1094
1091
1080
1061
1027
1019
1000
1035
1013
1021
1033
1032
1017
1034
1012
1005
1058
1037
1022
1004
1071
1033
1021
1023
1024
1029
1016
1031
994
1038
1040
1005
1044
1054
1013
1038
1161
1049
1037
1074
1065
1011
1018
1030
1062
1043
1038
1043
1039
1034
1016
1062
1038
999
1041
1304
1027
999
1021
1058
1027
1023
1020
1043
1026
1033
1023
1017
1000
1038
1040
1030
1013
1060
1011
1026
985
1020
1028
1021
1056
1021
1010
1017
1071
985
1026
1025
1032
1031
1024
1002
1073
1031
1024
1021
1028
1004
1023
1031
1018
1056
1022
1053
1029
1069
1042
1109
1077
1039
1001
1001
1078
1039
1034
1027
1067
1010
1044
1005
1056
999
1037
1042
1029
1065
1027
1038
1035
1029
1026
991
1025
1034
1041
1006
1005
1038
1034
1056
1048
1029
1041
999
1000
1044
1016
1060
1031
1024
996
1030
1067
1018
993
1025
1030
990
1020
1030
1017
1052
1016
1012
1020
1021
1017
1043
993
1006
1001
1066
1005
1015
1015
1029
1021
1055
1004
1038
982
1024
1060
1018
1087
1063
1048
1033
1019
1025
1064
1030
1055
1043
1021
1037
1014
1016
981
1017
1001
1026
1045
977
1061
1033
1042
1043
1038
1008
1086
1032
983
1051
1178
1010
1003
1012
1004
1031
1069
1042
1043
1017
1021
1016
986
989
1003
1054
1042
1014
1008
1043
1013
1033
1013
1016
1067
1024
1030
1003
1027
987
1048
1007
996
1050
1014
1021
980
1017
991
990
1020
1021
1028
1035
1009
1085
1003
1002
1024
1027
1033
1071
1064
1031
1033
1059
1002
997
1015
1042
1047
1062
1054
1047
1056
1032
1040
1030
1020
1036
1023
1020
1063
1023
1040
1062
1007
1006
1025
1054
1037
985
999
1026
1059
1050
1026
1010
1054
1030
1000
1042
1069
982
1038
1036
988
1030
1036
1035
1019
1004
999
1015
1039
1033
1006
1038
1008
1010
1033
1022
1079
1036
1013
1010
1063
1029
1059
1067
1061
1050
1056
1058
1042
1040
1035
1053
1058
1036
1092
1048
1047
992
1006
1033
1019
1017
1029
1025
981
992
994
1065
1004
1023
1015
1029
1041
1028
1029
1029
1030
1058
1017
1036
1047
1028
1014
1020
1002
1044
1039
1049
1062
1028
1028
1031
986
1016
1042
993
1003
1035
1064
1037
1054
1025
1037
1039
1017
1041
1038
1012
1025
1039
1028
1033
1026
1034
1050
1054
1065
1023
1049
1166
996
1054
1047
990
1055
1030
1039
1044
1013
1047
1045
1035
1017
1050
1045
1043
1012
1034
1027
1046
1049
1012
1073
1046
1022
1041
983
1013
