2718
2708
2710
2686
2688
2679
2675
2634
2713
2627
2667
2640
2718
2652
2630
2685
2672
2686
2716
2689
2699
2671
2669
2703
2663
2653
2810
2732
2713
2679
2705
2665
2673
2708
2705
2688
2661
2646
2681
2749
2708
2654
2646
2694
2672
2683
2677
2642
2656
2669
2647
2730
2698
2666
2706
2685
2712
2665
2650
2715
2645
2651
2688
2692
2668
2684
2670
2600
2698
2711
2700
2658
2648
2676
2657
2678
2717
2698
2688
2687
2665
2759
2642
2676
2702
2724
2637
2711
2691
2687
2721
2654
2663
2680
2694
2742
2691
2738
2718
2701
2655
2632
2652
2705
2672
2696
2646
2726
2663
2640
2665
2657
2686
2696
2680
2606
2639
2621
2739
2626
2745
2692
2665
2675
2693
2646
2638
2694
2669
2664
2657
2673
2671
2698
2659
2675
2708
2681
2644
2679
2743
2704
2732
2741
2696
2703
2687
2643
2653
2632
2625
2688
2737
2668
2670
2719
2737
2703
2727
2725
2691
2672
2704
2670
2688
2683
2695
2652
2722
2659
2763
2656
2643
2688
2642
2673
2636
2728
2637
2698
2677
2674
2625
2668
2714
2630
2645
2682
2703
2710
2658
2737
2651
2717
2724
2638
2687
2665
2674
2679
2646
2663
2634
2676
2677
2679
2700
2656
2647
2648
2710
2679
2694
2647
2670
2673
2684
2637
2717
2666
2666
2703
2615
2720
2627
2729
2647
2659
2668
2721
2711
2650
2651
2688
2641
2587
2720
2673
2660
2624
2654
2648
2748
2634
2679
2665
2679
2717
2719
2666
2656
2679
2682
2668
2627
2672
2638
2662
2680
2725
2691
2746
2658
2697
2636
2692
2677
2675
2647
2675
2725
2726
2710
2682
2713
2585
2636
2655
2662
2662
2728
2714
2618
2678
2620
2703
2681
2675
2699
2695
2627
2637
2661
2672
2684
2626
2664
2649
2678
2684
2697
2912
2680
2830
2922
2879
2698
2713
2673
2651
2667
2739
2730
2623
2706
2610
2709
2663
2681
2659
2685
2687
2864
2660
2831
2650
2783
2652
2713
2691
2747
2776
2927
2755
2827
2735
2760
2765
2659
2649
2620
2675
2736
2661
2702
2684
2630
2731
2725
2766
2717
2795
2735
2744
2755
2675
2636
2658
2652
2616
2687
2647
2649
2714
2729
2776
2774
2718
2744
2713
2785
2696
2689
2612
2632
2735
2640
2645
2642
2711
2726
2682
2713
2642
2638
2615
2630
2605
2662
2646
2749
2758
2724
2682
2776
2750
2760
2693
2671
2657
2701
2643
2678
2719
2738
2669
2674
2752
2749
2719
2769
2720
2740
2759
2738
2737
2654
2712
2659
2632
2611
2666
2687
2619
2632
2702
2692
2645
2670
2674
2675
2702
2674
2763
2731
2781
2807
2703
2726
2764
2719
2667
2666
2704
2699
2674
2667
2642
2688
2632
2684
2666
2708
2647
2660
2694
2628
2761
2659
2641
2749
2659
2617
2668
2650
2680
2706
2641
2668
2701
2676
2642
2702
2710
2666
2661
2640
2661
2653
2657
2662
2628
2717
2623
2641
2666
2663
2614
2621
2652
2686
2688
2696
2677
2620
2680
2623
2612
2634
2675
2663
2749
2702
2704
2647
2733
2683
2684
2698
2631
2637
2622
2691
2666
2681
2666
2665
2730
2729
2696
2609
2664
2625
2727
2627
2664
2625
2675
2630
2649
2712
2661
2698
2661
2668
2710
2759
2711
2746
2708
2754
2702
2745
2777
2700
2729
2642
2709
2711
2697
2658
2686
2663
2666
2691
2660
2677
2711
2726
2674
2639
2662
2715
2671
2652
2663
2672
2727
2621
2689
2669
2686
2673
2666
2701
2767
2704
2660
2672
2669
2656
2676
2668
2655
2714
2662
2713
2621
2665
2719
2701
2646
2688
2713
2687
2675
2685
2718
2639
2658
2696
2625
2739
2662
2668
2658
2729
2684
2724
2667
2685
2682
2665
2651
2660
2661
2706
2683
2663
2647
2659
2665
2694
2614
2712
2669
2645
2697
2685
2634
2661
2720
2722
2687
2736
2638
2603
2673
2748
2662
2709
2697
2639
2619
2717
2663
2615
2683
2693
2674
2691
2644
2685
2628
2692
2674
2679
2628
2738
2669
2638
2684
2672
2653
2727
2689
2659
2679
2631
2684
2717
2647
2700
2667
2718
2666
2685
2674
2704
2661
2693
2674
2602
2677
2697
2662
2687
2657
2672
2726
2672
2665
2673
2671
2684
2616
2642
2710
2614
2665
2671
2749
2667
2632
2647
2655
2599
2723
2689
2629
2621
2698
2637
2668
2687
2675
2718
2713
2671
2680
2652
2677
2624
2700
2629
2635
2616
2678
2672
2673
2711
2657
2675
2642
2637
2714
2735
2623
2736
2670
2677
2687
2693
2659
2667
2684
2692
2657
2641
2681
2667
2705
2754
2631
2632
2665
2690
2678
2676
2640
2679
2649
2687
2696
2674
2722
2745
2696
2684
2668
2677
2666
2699
2669
2650
2626
2658
2662
2633
2720
2714
2649
2689
2631
2703
2680
2669
2683
2684
2688
2671
2729
2625
2674
2722
2653
2680
2632
2679
2646
2656
2728
2651
2680
2607
2705
2718
2691
2644
2696
2683
2673
2682
2639
2708
2674
2684
2742
2687
2696
2700
2640
2661
2681
2694
2665
2616
2677
2618
2683
2662
2607
2658
2635
2698
2664
2621
2644
2642
2669
2685
2674
2670
2673
2620
2701
2655
2656
2734
2741
2786
2732
2732
2761
2717
2617
2684
2655
2668
2719
2707
2711
2695
2678
2707
2687
2728
2683
2691
2702
2691
2656
2644
2661
2633
2667
2707
2661
2650
2639
2702
2676
2702
2667
2593
2734
2746
2629
2700
2647
2668
2702
2629
2716
2661
2725
2663
2672
2676
2740
2759
2768
2728
2750
2753
2710
2705
2688
2651
2665
2681
2677
2721
2683
2678
2638
2630
2695
2667
2683
2692
2614
2678
2647
2642
2742
2767
2773
2781
2758
2722
2683
2797
2732
2663
2659
2642
2690
2696
2667
2638
2663
2657
2676
2699
2695
2654
2620
2720
2658
2708
2719
2733
2653
2635
2667
2690
2648
2723
2668
2625
2717
2616
2706
2710
2668
2702
2684
2674
2642
2691
2641
2635
2651
2655
2655
2653
2712
2727
2781
2759
2729
2770
2723
2680
2697
2647
2662
2611
2632
2628
2659
2688
2655
2668
2654
2637
2695
2700
2656
