2124
2277
2247
2261
2321
2057
1974
2020
2026
1943
1970
1990
2024
1969
2000
2077
2051
2144
1925
1889
1869
2068
2041
1962
1924
1822
1299
1309
1330
1270
1005
1009
935
1039
1011
1019
878
811
836
849
827
907
662
667
638
710
706
650
669
684
590
607
579
602
637
595
634
586
616
519
535
567
567
530
547
536
783
552
532
498
505
470
467
486
470
479
477
453
477
488
482
547
489
505
484
464
451
475
474
462
493
447
466
496
507
454
488
505
464
482
474
492
435
513
494
494
467
480
470
446
534
443
494
479
473
465
461
481
467
496
503
522
506
495
500
508
460
469
463
485
465
456
477
464
504
475
497
476
470
472
494
492
478
455
477
482
475
478
470
472
430
489
454
502
458
477
453
455
479
478
482
458
445
469
476
460
468
494
474
477
469
468
486
491
490
486
463
473
460
478
497
457
479
470
523
456
485
452
457
469
497
482
462
499
456
483
479
498
468
492
510
452
479
498
500
488
484
493
456
500
465
489
457
487
466
466
464
479
474
493
481
452
491
510
487
505
477
466
476
505
478
502
476
471
500
461
462
503
458
459
470
489
499
473
509
486
460
478
499
460
480
488
470
455
461
459
480
492
452
488
473
489
447
471
460
450
504
465
494
484
486
487
475
471
484
497
444
496
482
470
457
462
479
491
473
491
484
467
455
470
474
443
492
470
482
468
490
487
473
458
465
481
448
485
465
511
465
494
474
471
473
473
447
476
453
483
490
459
467
470
485
481
543
458
511
486
460
446
475
482
474
479
469
456
493
465
475
456
459
469
445
465
495
442
488
592
456
479
475
469
451
459
510
486
454
470
473
462
448
478
494
510
470
462
477
457
500
474
457
467
499
474
471
452
482
477
479
459
475
501
491
650
505
482
464
483
474
452
485
477
476
488
460
473
481
497
441
466
467
76471
489
466
463
489
481
484
467
468
460
479
473
470
457
476
488
475
481
472
499
469
477
457
471
465
441
481
491
489
503
472
533
507
509
490
464
502
470
471
473
482
472
466
466
517
445
479
487
462
486
483
473
485
478
495
494
510
464
466
471
476
440
450
477
506
456
483
477
472
460
494
490
466
482
481
502
459
486
483
477
498
485
491
471
473
481
486
487
446
463
477
445
468
458
505
484
461
462
464
453
467
462
488
464
472
491
487
443
496
465
468
502
448
488
468
465
468
467
463
464
516
467
466
444
477
494
488
496
452
458
444
470
462
504
491
490
472
459
492
459
475
473
492
468
452
500
491
490
496
467
445
506
446
461
497
500
460
484
477
476
496
490
473
475
465
493
479
481
521
494
484
463
484
459
465
489
462
483
464
465
486
492
468
446
487
442
474
532
502
462
477
483
490
485
484
474
488
492
480
492
465
500
477
493
483
466
484
462
483
472
474
477
480
473
487
449
466
490
527
500
463
464
462
492
485
480
499
462
487
524
477
461
471
479
454
473
482
482
510
462
459
486
486
420
488
461
525
496
453
465
471
469
471
486
453
459
477
468
458
494
456
465
465
467
495
479
504
495
480
466
506
458
449
474
475
495
472
492
463
453
454
491
460
473
468
477
480
475
495
457
459
474
495
471
470
454
479
478
482
471
453
517
495
484
459
473
461
487
462
488
480
441
492
463
476
488
453
456
452
496
472
500
442
490
495
468
461
445
469
466
471
456
475
480
492
480
490
480
455
479
452
464
475
490
473
461
480
468
475
476
471
482
482
473
500
493
458
477
495
471
475
483
477
477
508
517
490
490
467
469
495
446
486
442
520
494
452
454
518
441
496
464
456
450
472
471
460
469
487
504
494
500
509
489
500
490
460
495
492
465
475
477
617
486
475
470
473
505
488
499
497
480
498
476
478
504
481
444
466
475
494
504
457
477
472
455
462
446
461
466
499
476
469
485
469
491
493
454
466
498
485
496
477
465
501
498
493
483
466
463
476
470
497
482
466
461
484
476
476
491
460
501
463
474
501
490
461
485
495
489
460
479
473
463
486
467
494
487
487
463
471
467
464
473
484
458
475
490
481
462
451
470
473
463
463
511
471
500
476
469
488
473
490
475
484
470
456
490
522
491
467
502
455
458
453
476
469
472
491
490
457
453
515
484
470
457
472
461
465
508
487
463
492
482
488
447
464
488
483
456
474
467
457
455
488
508
455
501
491
467
448
512
478
497
446
495
498
487
678
466
458
445
492
462
436
469
476
493
496
472
483
495
461
464
494
480
469
471
480
490
493
486
502
486
469
500
512
483
470
472
496
486
475
488
472
502
498
483
468
481
471
