2172
2155
2185
2187
2200
2177
2170
2216
2118
2142
2095
2191
2142
2171
2112
2128
2152
2090
2095
2095
2127
2111
2081
2123
2120
2078
2186
2184
2172
2177
2206
2168
2196
2221
2142
2120
2123
2119
2150
2108
2134
2082
2111
2139
2130
2151
2149
2157
2202
2144
2127
2156
2110
2143
2259
2181
2277
2241
2177
2203
2132
2123
2149
2118
2155
2086
2070
2152
2184
2121
2086
2113
2185
2159
2118
2088
2163
2104
2093
2058
2125
2111
2111
2113
2132
2167
2088
2061
2117
2130
2120
2086
2142
2133
2117
2140
2151
2145
2163
2105
2100
2096
2155
2127
2106
2106
2097
2133
2106
2108
2132
2138
2091
2216
2161
2185
2201
2201
2146
2156
2172
2152
2112
2121
2113
2121
2157
2119
2169
2068
2132
2128
2067
2136
2122
2131
2159
2153
2116
2122
2179
2222
2209
2112
2153
2226
2182
2164
2169
2063
2127
2146
2179
2323
2165
2175
2179
2130
2110
2157
2146
2157
2063
2137
2094
2110
2098
2155
2103
2107
2126
2120
2121
2141
2116
2110
2105
2096
2126
2127
2126
2098
2082
2148
2164
2129
2483
2108
2152
2121
2238
2114
2189
2168
2191
2199
2187
2165
2117
2153
2100
2166
2160
2194
2151
2189
2121
2121
2113
2091
2108
2123
2135
2114
2134
2098
2088
2195
2179
2146
2088
2137
2193
2132
2122
2107
2109
2089
2095
2102
2101
2113
2135
2073
2156
2096
2124
2090
2135
2098
2118
2134
2086
2101
2126
2138
2090
2129
2085
2118
2088
2157
2170
2093
2187
2150
2137
2069
2108
2131
2120
2145
2096
2125
2095
2140
2132
2124
2139
2096
2111
2140
2066
2194
2138
2134
2143
2141
2102
2161
2131
2129
2144
2110
2135
2136
2125
2159
2154
2138
2123
2120
2159
2242
2238
2178
2146
2104
2180
2168
2101
2150
2100
2110
2175
2167
2127
2099
2148
2190
2238
2184
2142
2129
2229
2174
2238
2153
2142
2169
2090
2105
2123
2131
2185
2136
2153
2106
2083
2147
2140
2133
2134
2095
2138
2095
2150
2102
2084
2131
2103
2126
2138
2057
2122
2126
2128
2141
2111
2084
2145
2107
2139
2102
2131
2178
2108
2129
2121
2195
2101
2106
2140
2178
2126
2127
2159
2164
2140
2194
2082
2143
2133
2085
2121
2146
2116
2117
2107
2141
2184
2103
2115
2115
2127
2125
2252
2191
2155
2131
2164
2211
2191
2186
2104
2144
2158
2098
2137
2121
2169
2089
2166
2092
2123
2184
2115
2150
2123
2169
2084
2157
2134
2141
2125
2084
2119
2166
2156
2134
2173
2182
2223
2172
2174
2227
2167
2186
2153
2080
2137
2150
2105
2160
2136
2150
2108
2117
2164
2078
2096
2125
2157
2111
2131
2138
2099
2112
2116
2066
2101
2142
2084
2176
2137
2105
2119
2095
2137
2100
2113
2086
2150
2115
2131
2128
2164
2139
2108
2104
2153
2129
2143
2142
2194
2175
2177
2207
2179
2150
2235
2121
2127
2083
2161
2131
2160
2108
2134
2119
2142
2156
2134
2143
2118
2119
2156
2175
2117
2130
2072
2117
2152
2142
2170
2078
2161
2108
2111
2121
2154
2105
2096
2159
2148
2099
2126
2167
2093
2070
2108
2122
2105
2129
2095
2137
2134
2104
2087
2163
2109
2139
2090
2148
2075
2085
2158
2125
2156
2127
2127
2095
2124
2086
2153
2138
2167
2107
2125
2179
2181
2176
2164
2194
2173
2214
2166
2142
2142
2106
2097
2130
2105
2136
2121
2125
2152
2140
2066
2155
2158
2127
2145
2058
2139
2155
2107
2141
2140
2138
2144
2216
2247
2196
2042
2105
2118
2113
2147
2137
2144
2153
2124
2081
2150
2136
2085
2119
2139
2109
2113
2112
2151
2140
2103
2108
2162
2141
2135
2092
2082
2118
2101
2131
2130
2116
2138
2148
2140
2100
2166
2155
2120
2136
2120
2134
2109
2108
2119
2143
2141
2149
2155
2149
2118
2095
2084
2115
2088
2105
2090
2136
2141
2116
2090
2145
2145
2127
2155
2160
2060
2156
2108
2120
2104
2150
2137
2116
2094
2118
2120
2136
2120
2129
2163
2155
2110
2084
2083
2131
2164
2239
2204
2154
2240
2223
2185
2181
2220
2135
2103
2136
2122
2102
2213
2123
2119
2187
2121
2105
2116
2128
2121
2163
2116
2129
2136
2152
2116
2173
2110
2091
2109
2127
2126
2200
2207
2149
2179
2192
2186
2171
2177
2116
2092
2095
2174
2170
2094
2065
2107
2101
2146
2107
2091
2124
2108
2129
2097
2113
2105
2120
2102
2147
2114
2124
2143
2178
2182
2130
2134
2113
2092
2079
2080
2125
2131
2158
2117
2166
2113
2122
2169
2184
2123
2066
2094
2208
2149
2137
2135
2151
2150
2078
2138
2223
2210
2213
2222
2179
2203
2223
2211
2162
2123
2165
2276
2205
2065
2134
2135
2109
2131
2183
2127
2117
2170
2127
2097
2053
2151
2119
2070
2114
2207
2123
2069
2145
2104
2104
2066
2140
2141
2110
2147
2041
2097
2135
2089
2140
2135
2130
2100
2156
2487
2099
2139
2155
2099
2115
2099
2169
2181
2174
2096
2147
2115
2133
2121
2117
2134
2113
2097
2170
2188
2180
2212
2244
2161
2200
2181
2160
2100
2149
2096
2125
2131
2114
2156
2137
2140
2153
2140
2154
2115
2111
2121
2167
2101
2110
2168
2188
2164
2182
2222
2252
2179
2179
2117
2146
2142
2092
2126
2116
2109
2120
2117
2164
2138
2174
2104
2124
2113
2153
2129
2107
2170
2120
2174
2157
2193
2190
2143
2273
2159
2069
2119
2110
2079
2164
2135
2100
2157
2191
2146
2393
2091
2296
2115
2387
2495
2139
2169
2158
2152
2138
2116
2164
2114
2257
2212
2247
2115
2455
2131
2124
2116
2164
2144
2137
2134
2110
2134
2102
2121
2148
2132
2126
2145
2096
2110
2129
2169
2164
2137
2115
2128
2158
2235
2178
2126
2128
2100
2115
2110
2142
2144
2148
2197
2145
2236
2152
2117
2122
2109
2098
2184
2157
2132
2083
2151
2076
2151
2124
2199
2101
2136
2113
2150
2138
2126
2152
2100
2348
2533
2100
2127
2145
2239
2177
2183
2129
2136
2105
2127
2081
2153
2185
2165
2130
