115921
115400
219443
116768
120315
117208
116156
116312
116660
117016
116255
117134
116525
116104
116804
115960
116178
117012
116213
116803
116659
116100
122692
116380
116348
117415
116399
116546
116430
116546
116904
115911
116623
117455
115545
116252
115738
116993
117894
116357
117383
129397
117193
127537
116060
115873
116012
116778
116373
116460
117248
116136
116539
117093
116443
116984
116502
116204
115985
116415
115666
117252
116060
116225
116196
117554
116173
116492
117274
116597
116933
116956
116445
116675
116826
126057
116566
116744
116216
116355
116016
116372
116567
117043
116689
121149
117087
116494
116479
115890
116973
116729
117040
116222
126796
116865
122505
117337
116788
116076
