287900
285115
285657
287676
287068
318374
313436
303789
300202
285841
382394
329962
408389
301753
412482
363931
300756
450163
305737
307310
312345
284863
285026
285052
287304
285043
285098
285000
335936
378142
413539
424307
422314
378976
309120
305551
308910
410834
310278
312154
317990
285015
285029
284862
301449
285191
285666
285294
285297
285131
284800
346579
375351
376841
377811
393556
402891
462932
311503
301270
310209
304245
313547
337906
321853
300282
301073
337047
285228
285024
286976
286616
302588
287460
285015
285164
285050
287717
285088
286214
285607
310312
300776
301401
305065
288418
312544
317351
316339
324641
307845
318096
307036
284936
285181
285118
285037
284976
285172
287170
