725580
676200
670059
686962
680498
671873
694767
673276
689665
699901
672086
672713
680466
675388
670182
674669
672205
669202
669080
669385
669211
674734
704388
666244
670217
680747
668796
670968
672250
678540
670789
672109
671116
683346
671184
669359
669954
671881
667809
669969
670503
669183
668495
671138
671795
672598
679285
669059
694094
671318
679031
672960
669925
672022
687128
672457
672665
674082
679135
670314
670917
672560
685911
682948
686607
707200
690476
682270
686349
690528
697261
686254
684481
685916
693868
683750
685989
685633
696473
685672
681718
683546
693173
686968
682764
684437
684480
684898
685158
684620
684385
685115
684331
685047
685312
688500
683814
682922
684612
692363
