122148
122533
122143
121423
121360
123673
110144
111195
138165
111437
111895
111634
112393
31257
31893
30987
30876
33436
33635
37247
52202
39555
32916
32812
33417
32979
33171
32840
32634
32847
32657
33479
32837
33226
34972
33490
33462
32990
33881
32818
32827
31012
31481
31517
31582
31538
31065
31625
31938
31658
31240
31044
31125
31457
31641
31435
31037
31396
31501
31548
31641
51279
31070
31555
31473
31357
31477
31234
31052
30906
30997
31878
31368
31309
30918
31194
31574
31712
31093
31054
31639
31117
31020
31382
31509
31108
30880
31351
31547
30949
31276
31180
31509
31553
31182
31278
31385
31042
30247
32048
