247450
244862
245292
244459
246106
245609
244043
244419
243181
244407
245506
243397
242867
244434
243566
243777
243933
245369
245438
244253
246095
253131
244149
244478
244275
244782
244902
245454
244087
244803
243107
246024
244742
243824
244681
244199
248621
242949
244277
244413
245620
266562
255976
246389
285104
244917
244872
243697
243966
243398
244386
243355
243241
244485
243324
243921
245167
245840
243758
277618
246057
244858
244795
244508
243585
243714
244247
248296
244685
244716
244236
244151
244585
243815
244188
243902
243736
243824
244776
244007
244011
243282
247764
243065
244787
242446
265958
243705
243856
246772
268047
245636
244539
243040
244542
244340
246266
244702
244586
245017
