2212067
2193137
2205967
2211717
2198385
2290160
2208621
2197080
2204274
2202055
2205386
2200407
2205597
2201649
2201917
2203173
2211058
2197821
2198437
2201947
2202955
2206780
2203183
2193743
2207279
2190546
2195759
2201680
2196135
2215787
2825146
2195866
2210243
2200929
2221289
2200369
2206761
2199322
3142635
2206707
2196671
2207816
2201844
2194989
2211454
2197659
2206071
2206271
2192754
2210041
2201300
2191321
2200907
2198886
2212840
2205265
2200573
2203914
2205996
2195468
2202721
2196004
2241547
2208646
2199232
2202902
2208583
2198869
2203422
2192330
2198335
2201860
2189479
2253675
2208851
2197689
2209278
2199976
2194704
2210974
2192238
2241623
2204077
2197592
2203933
2196307
2198238
2206170
2199712
2211690
2198374
2198114
2207009
2196451
2195770
2213680
2199004
2205581
2257836
2193830
