1288493
1303040
1288878
1287910
1289997
1293607
1316067
1290887
1290132
1292569
1345495
1303949
1290402
1292831
1292384
1292500
1302074
1296467
1286437
1287318
1297738
1298161
1286477
1290128
1290094
1291776
1302308
1293529
1287189
1287403
1292801
1305190
1293499
1287348
1294476
1289369
1305198
1289803
1291150
1293872
1292930
1301545
1294135
1291198
1296228
1291025
1299188
1294206
1292817
1298032
1291975
1299027
1290764
1292448
1300867
1292301
1298225
1291788
1837598
1290251
1293591
1301380
1290254
1302725
1293139
1332119
1297147
1286435
1296553
1820899
1291530
1290000
1293007
1300265
1294474
1287742
1289836
1289094
1299401
1295857
1291807
1291534
1290274
1295483
1292801
1293840
1293402
1289529
1292793
1295526
1302320
1295046
1292514
1298175
1288412
1319611
1291940
1293817
1313973
1287547
