1566550
1967243
2041396
1781476
1683842
1543619
1542591
1538447
1748741
1602531
1608533
1639013
1765909
1628166
1630525
1629712
1631509
1839299
1671874
1651944
1755238
1583763
1622652
1539863
1599179
1875388
1630140
1608108
1788953
1573272
1562952
1541950
1555466
1889033
1663749
1608044
1734849
1573851
1575194
1540077
1568588
1952448
1613320
1609852
1868542
1569056
1598264
1572978
1556943
1742204
1610933
1606765
1599129
1790936
1621670
1570359
1556111
1542409
1837973
1639810
1653881
1720522
1623303
1562403
1553796
1545392
1719216
1646785
1635893
1733335
1568282
1542711
1582231
1567771
1560369
1767175
1659722
1693825
1558026
1539709
1544657
1540701
1648642
1899090
1628412
1580907
1672039
1606772
1653366
1598560
1551921
1752496
1610819
1600015
1653888
1570303
1550667
1538999
1622846
1567364
