1768490
1750275
1772406
1747960
1821518
2013485
1808141
1757495
1795926
1773940
1748902
1764890
1756359
1768810
1752038
1756996
1747950
1763661
1745540
1754244
1746015
1757272
1746478
1758003
1747004
1756221
1751091
1748679
1751087
1748245
1749346
1751558
1757948
1745476
1757016
1745478
1760463
1748827
1754716
1760230
1758188
1749124
1752656
1750702
1760603
1745715
1752983
1751865
1764833
1749454
1753683
1750282
1794961
1805790
1759554
1747996
1760530
1754577
1759628
1793579
1763013
1754776
1749804
1778701
1748926
1752960
1746786
1760905
1751354
1751234
1752741
1757941
1745349
1757071
1791857
1753223
1749185
1755079
1745297
1761330
1754928
1756707
1746746
1757682
1801994
1809330
1749330
1757264
1743190
1760256
1748200
1759649
1749094
1759030
1748590
1758371
1750667
1794840
1748505
1750092
