476678
436751
438133
434247
433128
436027
442640
433135
434451
435606
434377
436072
434887
438339
434394
434519
434108
467389
434976
433846
436195
434072
433984
435807
432464
436042
431696
434529
441167
435932
435423
435295
436871
434092
435665
435042
436592
433232
434028
457681
435609
434314
433439
434922
433300
445183
433635
436172
434358
435234
436264
435406
462270
435280
437892
434855
441901
433961
435101
433330
434958
434417
435683
436278
435121
436756
435255
532630
434281
434699
436183
432332
437383
436247
436635
434530
435233
434117
444732
433828
435341
435091
434352
436236
469138
435566
438384
434440
435216
437195
433851
437204
434335
436243
435491
449822
434022
435536
433840
435500
