2057293
2271883
2032057
2047251
2043157
2140668
2256832
2303326
2208701
2042184
2030527
2084094
2147654
2206777
2029005
2069282
2142834
2016951
2118760
2160988
2129353
2038687
2041781
2026284
2065478
2142550
2235561
2043946
2060367
2047149
2047572
2078641
2104785
2373522
2064774
2013588
2025658
2014069
2461817
2182331
2210454
2012884
2014512
2014844
2096585
2418349
2338821
2060441
2018159
2014514
2061041
2043779
2292477
2277247
2082127
2023023
2014994
2007705
2061300
2453442
2110978
2062159
2013457
2065519
2054460
2011251
2096190
2109617
2098177
2020131
2007477
2033847
2037463
2080043
2160598
2061418
2021351
2009375
2063396
2049147
2072042
2160997
2067213
2014278
2045541
2045479
2037966
2066350
2098225
2071279
2008580
2090126
2048910
2031495
2119571
2097731
2091747
2025215
2015143
2032598
