961534
966240
963592
963387
963247
981610
963446
963094
972732
965903
963274
984077
965339
964238
969167
983290
964953
973010
963522
1369783
968376
967038
965639
977284
962443
963749
963206
966461
965503
960799
967152
966913
963503
972402
964660
962469
972201
1350969
964606
973033
963615
963566
979810
963766
966747
970282
966140
965539
989685
964563
962468
970283
961562
967960
964042
964613
964803
965547
977137
963752
968392
974255
962569
962849
970932
963447
961441
972305
966291
965419
995796
963811
967619
967524
964954
964106
963196
973348
967774
963609
973567
965947
964651
972039
962783
967052
974278
963285
963080
971257
967152
964573
964773
962206
966506
965398
970771
963023
963530
973322
