36506
37844
36566
36505
35362
36744
36173
34466
35713
34546
34643
34598
40190
35482
35544
35417
43035
38001
42081
35476
36197
46062
35450
36372
34551
34817
35786
34621
34783
35634
34871
33867
33839
32837
32798
33874
32748
32845
33931
32741
32892
40903
32707
33482
33976
32812
35825
34827
34752
35878
34672
35786
34458
35734
34631
34454
41948
34882
34501
45603
34800
34661
34626
34363
34551
33853
32772
32792
38378
38937
32765
42981
45741
45958
34553
34414
34562
34552
34471
34476
34445
35657
35562
32729
44961
44560
35748
35011
34549
34555
34387
34914
34590
34811
34830
35636
33002
32749
33941
33865
