1582
1606
1575
1594
1573
1578
1569
1619
1587
1578
1580
1557
1566
1571
1546
1588
1563
1585
1570
1566
1586
1569
1593
1547
1564
1552
1591
1575
1570
1555
1562
1822
2074
2007
1647
1897
2116
1871
1970
1650
1669
2131
1655
1668
1640
1641
1659
1686
1774
1649
1674
1688
1563
1615
1569
1585
1534
1547
1545
1588
1571
1549
1560
1566
1578
1529
1561
1529
1550
1555
1555
1550
1543
1565
1559
1541
1944
1970
1655
1674
1688
1618
1634
1646
1704
1644
1637
1690
1648
1613
1674
2034
1841
1625
1669
1650
1641
1625
1661
1595
