458967
459613
461309
458615
459962
459740
457409
459332
459088
469383
460042
458033
460594
459296
457826
461329
460007
460202
459539
457793
501013
459746
458512
457581
460134
463919
457480
459560
460313
460099
459669
460645
461042
458206
462327
458631
463884
458254
459713
460327
462327
461060
458224
459204
458008
457773
459117
464210
458238
458543
461482
458614
480117
459349
458656
458612
458104
462866
458685
458081
459775
458533
458741
469934
458020
460717
461780
460814
463538
461059
457928
458134
460839
457996
462273
462113
458986
458717
458670
475798
458408
460054
460347
458615
458150
460381
459097
458996
461343
460009
471852
457976
458665
459201
461686
458872
459145
461142
459647
460101
