747092
746338
763209
752287
754854
747327
761865
748276
751522
745112
766892
749279
745215
751110
745350
746855
747796
750887
748153
747062
746869
753118
749039
748284
747940
757644
748091
751371
751125
753691
747714
758913
751869
749240
746487
749218
752552
752522
751028
747000
760983
750112
747470
745333
756896
751727
749890
749182
752230
750184
752099
751594
749314
749496
749863
751395
751411
748251
749708
754302
748441
752459
747575
757755
747287
747524
749482
753799
747780
745992
745272
747841
749123
747556
750305
748140
746799
749955
765021
750592
750397
750698
755055
749396
749594
746481
760037
745847
751480
748156
748363
750745
752535
748467
749674
752462
751778
753166
748951
753382
