92262
92943
93048
92608
92695
92451
92713
93845
92585
92361
92624
92728
92466
92835
92651
92958
92508
92779
92723
92690
92795
93069
93482
92310
92853
92661
92601
92899
92504
92407
92481
92807
92911
93069
92540
92748
92630
93157
92879
92743
92568
92504
92815
92990
92499
92839
92700
92644
92563
92482
93037
92271
92223
92674
92151
92711
92517
92517
92443
92673
92150
92548
92876
92683
92615
92636
92621
92309
92734
92617
92581
93114
92781
92827
92531
92463
92804
92314
92820
92860
92434
92631
92989
92637
92165
92676
93048
92385
92785
93064
92459
92515
92621
92489
92691
92893
92507
92702
92502
92831
