340877
341660
340296
342198
342913
342018
340272
343372
340416
346007
339771
340794
342891
340567
341590
342351
342311
342934
341844
341602
343141
342617
346252
339936
340702
341943
341828
340970
386444
340533
342897
342155
341703
339949
342186
341388
341581
342899
342005
341006
342544
359377
343301
340230
340583
340866
343200
342764
343618
340425
341900
343243
342102
344487
352218
341196
341311
341178
343294
342746
346214
341162
341121
340531
341568
341745
340204
341307
342439
342360
341623
344170
342597
346029
340978
343668
341300
342245
341716
341277
341431
345006
343864
342685
343843
342893
346361
340387
342166
341468
342790
342937
340888
343426
342195
343171
343260
343386
343207
348039
