45384
45323
45482
45203
45399
45189
45195
45390
45455
45064
45182
45215
43851
44102
44179
44340
44000
44030
44285
44420
44105
44055
44356
49721
44272
44242
44397
44186
44150
44130
44380
43897
44007
44133
44097
44414
85240
44269
43809
44198
44133
44004
44010
44146
44111
44198
43916
44343
43801
44104
44362
44012
43966
44257
44103
44185
44021
43904
44120
43983
43970
44168
44306
43997
44208
43954
44218
43868
43955
44393
44264
44018
44196
44311
44222
44304
44130
43866
44041
44323
44329
44300
43986
44204
43914
43907
44350
44335
44432
44087
44982
44079
44292
44331
44392
44219
44272
44067
44151
44225
