242000
242643
242708
244234
241862
243523
241806
241530
241907
242025
243503
242637
292513
243179
243338
243311
241806
242292
242750
243348
243621
243490
242562
242657
243223
242444
243309
249551
242920
242787
242148
244444
243540
244175
242334
310630
246255
242628
241748
242973
242599
242128
241947
247731
242292
242537
242205
242162
243013
243134
242906
242323
243256
242522
244156
243309
242633
243892
248171
243066
242438
242740
242129
242814
243368
242702
248413
242167
242955
243421
241592
242038
241537
242411
241977
242651
242525
241976
243498
242839
242863
279632
242617
242975
241990
241987
242656
242448
243087
246371
242016
244048
241879
241706
242591
241835
242470
244125
241951
242301
