1000000 1.79135e+06 29855.8 2564260 1685812 60 c-60-1000000.txt
2000000 3.56716e+06 59452.7 3748430 3422079 60 c-60-2000000.txt
3000000 5.33966e+06 88994.3 5684089 5168298 60 c-60-3000000.txt
4000000 7.1955e+06 119925 7646726 6999885 60 c-60-4000000.txt
5000000 8.7203e+06 145338 9179941 8600513 60 c-60-5000000.txt
6000000 1.04783e+07 174638 11351615 10320280 60 c-60-6000000.txt
7000000 1.21227e+07 202045 12662293 12040933 60 c-60-7000000.txt
8000000 1.38522e+07 230870 15022253 13775486 60 c-60-8000000.txt
9000000 1.5618e+07 260300 16913713 15502435 60 c-60-9000000.txt
10000000 1.73289e+07 288815 18047877 17232307 60 c-60-10000000.txt
